timestamp,confirmed,recovered,deaths
2020-03-20 22:43:03,136,1,0
2020-03-20 23:13:09,136,1,0
2020-03-21 00:13:25,136,1,0
2020-03-21 01:13:11,136,1,0
2020-03-21 02:13:34,136,1,0
2020-03-21 03:13:14,136,1,0
2020-03-21 03:43:03,136,1,0
2020-03-21 05:13:04,136,1,0
2020-03-21 07:43:02,136,1,0
2020-03-21 09:13:14,136,1,0
2020-03-21 10:13:08,136,1,0
2020-03-21 11:13:12,136,1,0
2020-03-21 12:13:19,160,1,0
2020-03-21 13:13:35,160,1,0
2020-03-21 15:13:46,160,1,0
2020-03-21 15:43:05,160,1,0
2020-03-21 17:13:44,160,1,0
2020-03-21 17:43:03,160,1,0
2020-03-21 19:13:04,160,1,0
2020-03-21 20:13:21,160,1,0
2020-03-21 21:13:30,160,1,0
2020-03-21 22:13:24,160,1,0
2020-03-21 23:13:18,160,1,0
2020-03-22 00:13:05,160,1,0
2020-03-22 01:13:14,160,1,0
2020-03-22 02:13:23,160,1,0
2020-03-22 03:13:24,160,1,0
2020-03-22 04:43:04,160,1,0
2020-03-22 06:13:37,160,1,0
2020-03-22 06:43:03,160,1,0
2020-03-22 08:13:35,160,1,0
2020-03-22 09:43:06,160,1,0
2020-03-22 11:13:25,190,2,0
2020-03-22 11:43:03,190,2,0
2020-03-22 14:13:10,190,2,0
2020-03-22 15:14:04,190,2,0
2020-03-22 16:13:18,190,2,0
2020-03-22 16:43:07,190,2,0
2020-03-22 18:13:55,190,2,0
2020-03-22 20:13:40,190,2,0
2020-03-22 21:13:20,190,2,0
2020-03-22 22:13:32,190,2,0
2020-03-22 23:13:22,190,2,0
2020-03-23 00:13:11,194,2,0
2020-03-23 01:13:12,194,2,0
2020-03-23 01:43:02,194,2,0
2020-03-23 03:13:08,194,2,0
2020-03-23 04:13:14,194,2,0
2020-03-23 06:55:28,194,2,0
2020-03-23 08:01:23,194,2,0
2020-03-23 09:07:30,194,2,0
2020-03-23 10:13:35,194,2,0
2020-03-23 11:19:48,194,2,0
2020-03-23 12:25:39,194,2,0
2020-03-23 17:36:03,194,2,0
2020-03-23 17:48:33,194,2,0
2020-03-23 18:55:06,194,2,0
2020-03-23 22:16:51,235,2,0
2020-03-23 23:23:20,235,2,0
2020-03-24 00:36:33,235,2,0
2020-03-24 01:43:06,235,2,0
2020-03-24 02:49:32,235,2,0
2020-03-24 03:55:52,235,2,0
2020-03-24 05:02:30,235,2,0
2020-03-24 06:09:02,235,2,0
2020-03-24 07:15:32,235,2,0
2020-03-24 08:22:03,235,2,0
2020-03-24 09:28:37,235,2,0
2020-03-24 10:34:58,235,2,0
2020-03-24 11:41:34,235,2,0
2020-03-24 12:48:02,235,2,0
2020-03-24 13:54:39,235,2,0
2020-03-24 15:01:27,235,2,0
2020-03-24 16:07:50,235,2,0
2020-03-24 17:14:14,249,4,0
2020-03-24 18:20:50,249,4,0
2020-03-24 19:27:15,249,4,0
2020-03-24 20:34:06,249,4,0
2020-03-24 21:40:43,249,4,0
2020-03-24 23:41:50,249,14,0
2020-03-25 01:57:33,249,14,0
2020-03-25 02:49:13,249,14,0
2020-03-25 03:38:34,249,14,0
2020-03-25 04:45:38,249,14,0
2020-03-25 05:52:46,249,14,0
2020-03-25 06:59:54,265,16,0
2020-03-25 08:07:13,265,16,0
2020-03-25 09:14:34,265,16,0
2020-03-25 10:22:01,265,16,0
2020-03-25 11:29:44,265,16,0
2020-03-25 12:38:11,265,16,0
2020-03-25 13:46:47,265,16,0
2020-03-25 16:04:51,265,16,0
2020-03-25 17:12:54,265,16,0
2020-03-25 18:19:33,265,16,0
2020-03-25 23:37:49,265,16,0
2020-03-26 00:44:46,265,16,0
2020-03-26 02:59:16,265,16,0
2020-03-26 03:35:40,265,16,0
2020-03-26 04:43:23,265,16,0
2020-03-26 05:50:45,265,16,0
2020-03-26 06:58:14,265,16,0
2020-03-26 08:06:19,290,18,0
2020-03-26 09:14:15,290,18,0
2020-03-26 10:21:44,290,18,0
2020-03-26 11:29:49,290,18,0
2020-03-26 14:02:37,290,18,0
2020-03-26 15:10:12,290,18,1
2020-03-26 16:17:55,290,18,1
2020-03-26 17:26:21,290,18,1
2020-03-26 18:34:35,290,18,1
2020-03-26 19:21:28,290,18,1
2020-03-26 20:29:16,290,18,1
2020-03-26 21:37:36,290,18,1
2020-03-26 22:45:12,290,18,1
2020-03-26 23:53:24,290,18,1
2020-03-27 01:01:21,290,18,1
2020-03-27 01:31:56,290,18,1
2020-03-27 02:40:09,290,18,1
2020-03-27 03:47:54,290,18,1
2020-03-27 04:55:53,290,18,1
2020-03-27 05:59:40,290,18,1
2020-03-27 07:03:24,329,18,1
2020-03-27 08:07:09,329,18,1
2020-03-27 09:10:56,329,18,1
2020-03-27 10:14:45,329,18,1
2020-03-27 10:49:25,329,18,1
2020-03-27 11:57:53,329,18,1
2020-03-27 13:06:12,329,28,1
2020-03-27 14:09:58,329,28,1
2020-03-27 16:17:48,329,28,1
2020-03-27 16:37:14,329,28,1
2020-03-27 17:45:16,329,28,1
2020-03-27 18:54:13,329,28,1
2020-03-27 20:02:53,329,28,1
2020-03-27 21:11:25,329,28,1
2020-03-27 22:19:54,329,28,1
2020-03-27 23:27:48,329,28,1
2020-03-28 00:36:24,329,28,1
2020-03-28 01:27:47,329,28,1
2020-03-28 02:36:13,329,28,1
2020-03-28 03:44:43,329,28,1
2020-03-28 04:53:01,329,28,1
2020-03-28 06:00:42,329,28,1
2020-03-28 07:18:48,329,28,1
2020-03-28 08:26:38,372,28,1
2020-03-28 08:26:38,372,28,1
2020-03-28 09:34:31,372,28,1
2020-03-28 10:43:04,372,28,1
2020-03-28 11:51:34,372,28,1
2020-03-28 12:59:11,372,28,1
2020-03-28 14:07:47,372,28,1
2020-03-28 15:12:24,372,28,1
2020-03-28 16:21:05,372,28,1
2020-03-28 17:28:57,372,28,1
2020-03-28 18:37:27,407,30,1
2020-03-28 19:45:35,407,30,1
2020-03-28 20:53:36,407,30,1
2020-03-28 22:02:15,407,30,1
2020-03-28 23:11:06,407,30,1
2020-03-29 00:19:52,407,30,1
2020-03-29 01:28:20,407,30,1
2020-03-29 02:36:40,407,30,1
2020-03-29 03:45:38,407,30,1
2020-03-29 04:54:32,407,30,1
2020-03-29 06:02:52,407,30,1
2020-03-29 07:11:57,407,30,3
2020-03-29 07:11:57,407,30,3
2020-03-29 16:21:34,424,30,3
2020-03-29 17:30:31,424,30,3
2020-03-29 18:39:35,424,30,3
2020-03-29 19:47:54,424,30,3
2020-03-29 20:56:20,424,30,3
2020-03-29 22:05:00,424,30,3
2020-03-29 23:14:06,424,30,3
2020-03-30 00:22:44,424,30,3
2020-03-30 01:32:03,424,30,3
2020-03-30 02:41:06,424,30,3
2020-03-30 03:50:00,424,30,3
2020-03-30 04:59:29,424,30,3
2020-03-30 06:08:42,424,30,3
2020-03-30 06:44:56,424,30,3
2020-03-30 07:53:53,424,30,3
2020-03-30 09:02:57,482,30,3
2020-03-30 10:11:54,482,30,3
2020-03-30 11:20:52,482,30,3
2020-03-30 12:29:44,482,30,3
2020-03-30 13:38:12,482,30,3
2020-03-30 14:04:56,482,30,3
2020-03-30 15:14:08,482,30,3
2020-03-30 15:53:05,482,30,3
2020-03-30 17:02:12,482,30,3
2020-03-30 18:02:29,482,30,3
2020-03-30 19:11:53,482,30,3
2020-03-30 20:20:56,482,30,3
2020-03-30 21:30:18,482,30,3
2020-03-30 22:58:55,482,30,3
2020-03-31 00:08:15,482,30,3
2020-03-31 01:17:52,482,30,3
2020-03-31 02:27:40,482,30,3
2020-03-31 03:36:55,482,30,3
2020-03-31 04:46:56,482,30,3
2020-03-31 05:56:11,482,30,3
2020-03-31 07:05:51,482,30,3
2020-03-31 08:14:59,482,30,3
2020-03-31 09:24:28,482,30,3
2020-03-31 10:33:51,532,30,3
2020-03-31 11:43:04,532,30,3
2020-03-31 12:52:28,532,30,3
2020-03-31 14:01:48,532,30,3
2020-03-31 15:11:10,532,30,3
2020-03-31 16:18:59,532,30,3
2020-03-31 17:28:28,532,30,3
2020-03-31 18:38:01,532,30,3
2020-03-31 19:46:38,532,30,3
2020-03-31 20:55:58,532,30,3
2020-03-31 22:05:39,532,30,3
2020-03-31 23:49:27,532,30,3
2020-04-01 00:58:07,532,30,3
2020-04-01 02:08:08,532,30,3
2020-04-01 03:17:43,532,30,3
2020-04-01 04:27:56,532,30,3
2020-04-01 05:37:23,532,30,3
2020-04-01 06:46:59,532,30,3
2020-04-01 07:55:50,571,31,3
2020-04-01 09:05:12,571,31,3
2020-04-01 10:14:53,571,31,3
2020-04-01 11:24:02,571,31,3
2020-04-01 12:33:14,571,31,3
2020-04-01 13:42:16,571,31,3
2020-04-01 14:51:42,571,31,3
2020-04-01 16:02:03,571,31,3
2020-04-01 17:11:27,571,31,4
2020-04-01 18:20:57,571,31,4
2020-04-01 20:55:19,571,31,4
2020-04-01 22:04:58,571,31,4
2020-04-01 23:14:26,571,31,4
2020-04-01 22:04:58,571,31,4
2020-04-02 01:43:57,571,31,4
2020-04-02 02:53:53,571,31,4
2020-04-02 03:33:56,571,31,4
2020-04-02 04:43:07,571,31,4
2020-04-02 05:52:56,571,31,4
2020-04-02 07:02:01,571,31,4
2020-04-02 08:11:31,663,33,4
2020-04-02 09:21:21,663,33,4
2020-04-02 10:31:02,663,33,4
2020-04-02 11:40:37,663,33,4
2020-04-02 12:50:25,663,33,5
2020-04-02 14:00:04,663,33,5
2020-04-02 15:10:13,663,33,5
2020-04-02 16:27:01,663,33,5
2020-04-02 18:14:53,663,33,5
2020-04-02 19:24:44,663,33,5
2020-04-02 21:11:12,663,33,7
2020-04-02 22:21:48,663,33,7
2020-04-02 23:32:01,663,33,7
2020-04-03 00:42:13,663,33,7
2020-04-03 01:52:17,663,33,7
2020-04-03 03:02:29,663,33,7
2020-04-03 04:12:43,663,33,7
2020-04-03 05:22:48,663,33,7
2020-04-03 06:32:23,663,33,7
2020-04-03 07:41:33,736,43,7
2020-04-03 08:52:01,736,43,7
2020-04-03 10:02:12,736,43,7
2020-04-03 11:12:13,736,43,7
2020-04-03 12:21:52,736,43,7
2020-04-03 13:31:44,736,43,7
2020-04-03 14:42:30,736,43,7
2020-04-03 15:52:01,736,43,7
2020-04-03 17:01:32,736,43,7
2020-04-03 18:11:29,736,43,7
2020-04-03 19:21:42,736,43,7
2020-04-03 20:32:17,736,43,7
2020-04-03 21:42:46,736,43,7
2020-04-03 22:52:45,736,43,7
2020-04-04 00:02:47,736,43,7
2020-04-04 01:13:27,736,43,7
2020-04-04 02:23:22,736,43,7
2020-04-04 05:01:43,736,43,7
2020-04-04 06:12:09,736,43,7
2020-04-04 07:22:36,770,43,7
2020-04-04 08:32:25,770,43,7
2020-04-04 09:43:01,770,43,7
2020-04-04 10:52:42,770,43,7
2020-04-04 12:03:16,770,43,7
2020-04-04 13:12:51,770,43,7
2020-04-04 14:22:37,770,43,7
2020-04-04 15:32:43,770,43,7
2020-04-04 16:43:30,770,43,7
2020-04-04 17:53:55,770,43,7
2020-04-04 18:58:41,770,43,7
2020-04-04 20:09:47,770,43,7
2020-04-04 21:19:44,770,43,7
2020-04-04 22:30:29,770,43,7
2020-04-04 23:41:02,770,43,7
2020-04-05 00:51:28,770,43,7
2020-04-05 02:01:06,770,43,7
2020-04-05 03:11:48,770,43,7
2020-04-05 04:22:08,770,43,7
2020-04-05 05:33:30,770,43,7
2020-04-05 06:44:14,770,43,7
2020-04-05 07:54:45,822,57,7
2020-04-05 10:16:31,822,57,7
2020-04-05 11:26:43,822,57,7
2020-04-05 12:37:29,822,57,7
2020-04-05 13:48:00,822,57,7
2020-04-05 14:59:04,822,57,7
2020-04-05 16:09:54,822,57,7
2020-04-05 17:20:39,822,57,7
2020-04-05 18:30:54,822,57,7
2020-04-05 19:41:39,822,57,7
2020-04-05 20:52:03,822,57,7
2020-04-05 22:02:49,822,57,7
2020-04-05 23:13:44,822,57,7
2020-04-06 00:24:15,822,57,7
2020-04-06 01:34:59,822,57,7
2020-04-06 02:45:16,822,57,7
2020-04-06 03:56:09,822,57,7
2020-04-06 05:06:48,822,57,7
2020-04-06 06:17:33,822,57,7
2020-04-06 07:28:02,822,57,7
2020-04-06 08:38:45,833,62,8
2020-04-06 09:50:01,833,62,8
2020-04-06 11:01:08,833,62,8
2020-04-06 12:11:35,833,62,8
2020-04-06 13:22:48,833,62,8
2020-04-06 16:55:19,833,62,8
2020-04-06 18:45:44,833,62,8
2020-04-06 19:56:43,833,62,8
2020-04-06 21:07:34,833,62,8
2020-04-06 22:18:09,833,62,8
2020-04-06 23:28:35,833,62,8
2020-04-07 00:39:33,833,62,8
2020-04-07 01:50:31,833,62,8
2020-04-07 03:01:25,833,62,8
2020-04-07 04:12:43,833,62,8
2020-04-07 05:23:44,833,62,8
2020-04-07 06:34:53,833,62,8
2020-04-07 07:45:46,853,87,8
2020-04-07 08:56:51,853,87,8
2020-04-07 10:07:54,853,87,8
2020-04-07 11:19:36,853,87,8
2020-04-07 12:30:52,853,87,8
2020-04-07 13:42:07,853,87,8
2020-04-07 14:53:05,853,87,8
2020-04-07 16:04:02,853,87,8
2020-04-07 17:14:58,853,87,8
2020-04-07 18:25:55,853,87,8
2020-04-07 19:37:25,853,87,8
2020-04-07 20:48:44,853,87,8
2020-04-07 22:00:42,853,87,8
2020-04-07 23:11:31,853,87,8
2020-04-08 00:22:34,853,87,8
2020-04-08 01:33:47,853,87,8
2020-04-08 02:45:13,853,87,8
2020-04-08 03:56:46,853,87,8
2020-04-08 05:07:48,853,87,8
2020-04-08 06:19:36,853,87,8
2020-04-08 07:30:11,881,114,9
2020-04-08 08:40:57,881,114,9
2020-04-08 09:52:39,881,114,9
2020-04-08 11:04:01,881,114,9
2020-04-08 12:15:00,881,114,9
2020-04-08 13:26:51,881,114,9
2020-04-08 14:38:39,881,114,9
2020-04-08 15:50:32,881,114,9
2020-04-08 17:01:25,881,114,9
2020-04-08 18:13:07,881,114,9
2020-04-08 19:25:06,881,114,9
2020-04-08 20:36:17,881,114,9
2020-04-08 21:47:42,881,114,9
2020-04-08 22:59:00,881,114,9
2020-04-09 00:10:49,881,114,9
2020-04-09 01:22:14,881,114,9
2020-04-09 02:33:55,881,114,9
2020-04-09 07:40:41,921,138,10
2020-04-09 08:52:08,921,138,10
2020-04-09 10:03:51,921,138,10
2020-04-09 11:14:57,921,138,10
2020-04-09 12:26:33,921,138,10
2020-04-09 13:38:11,921,138,10
2020-04-09 14:49:30,921,138,10
2020-04-09 16:00:59,921,138,10
2020-04-09 17:12:43,921,138,10
2020-04-09 18:24:00,921,138,10
2020-04-09 19:35:51,921,138,10
2020-04-09 20:47:05,921,138,10
2020-04-09 21:58:23,921,138,10
2020-04-09 23:09:19,921,138,10
2020-04-10 00:21:04,921,138,10
2020-04-10 01:32:43,921,138,10
2020-04-10 02:44:20,921,138,10
2020-04-10 03:55:45,921,138,10
2020-04-10 05:07:23,921,138,10
2020-04-10 06:19:03,921,138,10
2020-04-10 07:30:00,921,138,10
2020-04-10 08:41:35,937,149,11
2020-04-10 09:52:40,937,149,11
2020-04-10 11:03:56,937,149,11
2020-04-10 12:15:28,937,149,11
2020-04-10 13:27:22,937,149,12
2020-04-10 14:39:06,937,149,12
2020-04-10 15:50:47,937,149,12
2020-04-10 18:14:17,937,149,12
2020-04-10 19:25:43,937,149,12
2020-04-10 20:37:43,937,149,12
2020-04-10 21:49:51,937,149,12
2020-04-10 23:01:43,937,149,12
2020-04-11 00:13:27,937,149,12
2020-04-11 01:25:11,937,149,12
2020-04-11 02:36:31,937,149,12
2020-04-11 03:48:14,937,149,12
2020-04-11 04:59:33,937,149,12
2020-04-11 06:11:13,937,149,12
2020-04-11 07:22:31,937,149,12
2020-04-11 08:33:55,966,173,13
2020-04-11 09:45:20,966,173,13
2020-04-11 10:56:44,966,173,13
2020-04-11 12:08:10,967,173,13
2020-04-11 13:19:26,967,173,13
2020-04-11 14:31:03,967,173,13
2020-04-11 15:42:18,977,173,13
2020-04-11 18:06:22,977,173,13
2020-04-11 19:18:03,977,173,13
2020-04-11 20:29:37,967,173,13
2020-04-11 21:41:15,967,173,13
2020-04-11 22:52:46,967,173,13
2020-04-12 00:04:10,967,173,13
2020-04-12 01:15:51,967,173,13
2020-04-12 02:27:36,967,173,13
2020-04-12 03:39:41,967,173,13
2020-04-12 08:18:49,1013,197,13
2020-04-12 09:28:37,1013,197,13
2020-04-12 10:38:03,1013,197,13
2020-04-12 11:47:31,1013,197,13
2020-04-12 12:57:26,1013,197,13
2020-04-12 14:07:16,1013,197,13
2020-04-12 15:17:00,1013,197,13
2020-04-12 16:26:37,1013,197,13
2020-04-12 17:36:18,1013,197,13
2020-04-12 18:46:27,1013,197,13
2020-04-12 19:56:02,1013,197,13
2020-04-12 21:05:58,1013,197,13
2020-04-12 22:15:54,1013,197,13
2020-04-12 23:25:04,1013,197,13
2020-04-13 00:35:11,1013,197,13
2020-04-13 01:44:56,1013,197,13
2020-04-13 02:55:06,1013,197,13
2020-04-13 04:05:21,1013,197,13
2020-04-13 05:14:44,1013,197,13
2020-04-13 06:24:42,1013,197,13
2020-04-13 07:34:11,1013,197,13
2020-04-13 08:43:34,1039,211,14
2020-04-13 09:52:39,1039,211,14
2020-04-13 11:02:21,1039,211,14
2020-04-13 12:11:59,1039,211,14
2020-04-13 13:21:30,1039,211,14
2020-04-13 14:31:19,1039,211,14
2020-04-13 15:41:46,1039,211,14
2020-04-13 16:51:47,1039,211,14
2020-04-13 18:01:32,1039,211,14
2020-04-13 19:11:18,1039,211,14
2020-04-13 20:20:51,1039,211,14
2020-04-13 21:31:00,1039,211,14
2020-04-13 22:05:26,1039,211,14
2020-04-13 23:15:42,1039,211,14
2020-04-14 00:25:33,1039,211,14
2020-04-14 01:50:39,1039,211,14
2020-04-14 03:00:59,1039,211,14
2020-04-14 04:10:55,1039,211,14
2020-04-14 05:20:45,1039,211,14
2020-04-14 06:31:01,1039,211,14
2020-04-14 07:41:01,1067,265,16
2020-04-14 08:50:55,1067,265,16
2020-04-14 10:00:20,1067,265,16
2020-04-14 11:10:57,1067,265,16
2020-04-14 12:21:03,1067,265,16
2020-04-14 13:31:23,1067,265,16
2020-04-14 14:41:26,1067,265,16
2020-04-14 15:51:07,1067,265,16
2020-04-14 17:01:01,1067,265,16
2020-04-14 18:10:30,1067,265,16
2020-04-14 19:20:58,1067,265,16
2020-04-14 20:30:42,1067,265,16
2020-04-14 21:21:38,1067,265,16
2020-04-14 22:31:10,1067,265,16
2020-04-14 23:41:11,1067,265,16
2020-04-15 00:52:09,1067,265,16
2020-04-15 01:43:24,1067,265,16
2020-04-15 03:14:59,1067,265,16
2020-04-15 04:25:18,1067,265,16
2020-04-15 05:35:03,1067,265,16
2020-04-15 06:45:27,1067,265,16
2020-04-15 07:55:41,1111,297,17
2020-04-15 09:05:41,1111,297,17
2020-04-15 10:15:26,1111,297,17
2020-04-16 10:42:57,1159,358,18
2020-04-16 11:53:03,1159,358,18
2020-04-16 13:03:08,1159,358,18
2020-04-16 14:36:00,1159,358,18
2020-04-16 15:46:05,1159,358,18
2020-04-16 16:56:04,1159,358,18
2020-04-16 18:26:23,1159,358,18
2020-04-16 19:30:15,1159,358,18
2020-04-16 20:38:56,1159,358,18
2020-04-16 21:38:22,1159,358,18
2020-04-16 22:38:10,1159,358,18
2020-04-16 23:38:19,1159,358,18
2020-04-17 00:37:58,1159,358,18
2020-04-17 01:38:27,1159,358,18
2020-04-17 02:38:27,1159,358,18
2020-04-17 03:38:35,1159,358,18
2020-04-18 03:38:43,1201,402,19
2020-04-18 04:38:59,1201,402,19
2020-04-18 05:58:13,1201,402,19
2020-04-18 06:38:02,1201,402,19
2020-04-18 07:38:45,1248,523,20
2020-04-18 08:38:02,1248,523,20
2020-04-18 09:38:38,1248,523,20
2020-04-18 10:38:24,1248,523,20
2020-04-18 11:38:24,1248,523,20
2020-04-18 12:37:49,1248,523,20
2020-04-18 13:38:24,1248,523,20
2020-04-18 14:38:34,1248,523,20
2020-04-18 15:38:36,1248,523,20
2020-04-18 16:38:15,1248,523,20
2020-04-18 17:38:37,1248,523,20
2020-04-18 18:38:57,1248,523,20
2020-04-18 19:37:51,1248,523,20
2020-04-18 20:38:33,1248,523,20
2020-04-18 22:40:18,1248,523,20
2020-04-19 01:27:09,1248,523,20
2020-04-19 01:38:25,1248,523,20
2020-04-19 02:38:23,1248,523,20
2020-04-19 03:38:37,1248,523,20
2020-04-19 04:38:31,1248,523,20
2020-04-19 05:38:46,1248,523,20
2020-04-19 06:38:14,1248,523,20
2020-04-19 07:38:27,1291,545,20
2020-04-19 08:37:59,1291,545,20
2020-04-19 09:38:16,1291,545,20
2020-04-19 10:38:31,1291,545,20
2020-04-19 11:38:30,1291,545,20
2020-04-19 12:38:46,1291,545,20
2020-04-19 13:38:01,1291,545,20
2020-04-19 14:38:01,1291,545,20
2020-04-19 15:38:24,1291,545,20
2020-04-19 16:37:48,1291,545,20
2020-04-19 17:38:18,1291,545,20
2020-04-19 18:37:54,1291,545,20
2020-04-19 19:38:18,1291,545,20
2020-04-19 20:38:08,1291,545,20
2020-04-19 21:38:35,1291,545,20
2020-04-19 23:49:05,1291,545,20
2020-04-20 00:38:55,1291,545,20
2020-04-20 01:38:40,1291,545,20
2020-04-20 02:38:30,1291,545,20
2020-04-20 03:38:26,1291,545,20
2020-04-20 04:38:30,1291,545,20
2020-04-20 05:38:43,1291,545,20
2020-04-20 06:38:35,1291,545,20
2020-04-20 07:38:55,1339,580,22
2020-04-20 08:38:19,1339,580,22
2020-04-20 09:39:26,1339,580,22
2020-04-20 10:38:49,1339,580,22
2020-04-20 11:38:10,1339,580,22
2020-04-20 12:38:27,1339,580,22
2020-04-20 13:38:12,1339,580,22
2020-04-20 14:38:44,1339,580,22
2020-04-20 15:38:47,1339,580,22
2020-04-20 16:38:33,1339,580,22
2020-04-20 17:38:32,1339,580,22
2020-04-20 18:38:36,1339,580,22
2020-04-20 19:38:42,1339,580,22
2020-04-20 20:38:41,1339,580,22
2020-04-20 21:38:55,1339,580,22
2020-04-20 22:38:11,1339,580,22
2020-04-20 23:44:50,1339,580,22
2020-04-21 00:38:33,1339,580,22
2020-04-21 01:39:09,1339,580,22
2020-04-21 02:38:53,1339,580,22
2020-04-21 03:38:57,1339,580,22
2020-04-21 04:38:36,1339,580,22
2020-04-21 05:38:51,1339,580,22
2020-04-21 06:38:24,1339,580,22
2020-04-21 07:38:44,1401,609,24
2020-04-21 08:38:24,1401,609,24
2020-04-21 09:38:46,1401,609,24
2020-04-21 10:38:47,1401,609,24
2020-04-21 11:38:57,1401,609,24
2020-04-21 12:38:53,1401,609,24
2020-04-21 13:38:33,1401,609,24
2020-04-21 14:38:38,1401,609,24
2020-04-21 17:47:52,1401,609,24
2020-04-21 18:42:32,1401,609,24
2020-04-21 19:39:05,1401,609,24
2020-04-21 20:39:05,1401,609,24
2020-04-21 21:38:47,1401,609,24
2020-04-21 22:38:56,1401,609,24
2020-04-21 23:39:09,1401,609,24
2020-04-22 00:38:42,1401,609,24
2020-04-22 01:39:17,1401,609,24
2020-04-22 02:38:52,1401,609,24
2020-04-22 03:39:14,1401,609,24
2020-04-22 04:38:35,1401,609,24
2020-04-22 05:38:36,1401,609,24
2020-04-22 06:38:43,1401,609,24
2020-04-22 07:38:22,1473,633,24
2020-04-22 08:38:57,1473,633,24
2020-04-22 09:38:24,1473,633,24
2020-04-22 10:38:20,1473,633,24
2020-04-22 11:38:37,1473,633,24
2020-04-22 12:39:28,1473,633,24
2020-04-22 14:09:28,1473,633,24
2020-04-22 14:38:31,1473,633,24
2020-04-22 15:39:15,1473,633,24
2020-04-22 16:38:59,1473,633,24
2020-04-22 17:39:01,1473,633,24
2020-04-22 18:38:32,1473,633,24
2020-04-22 19:38:56,1473,633,24
2020-04-22 20:38:59,1473,633,24
2020-04-22 21:38:47,1473,633,24
2020-04-22 22:05:45,1473,633,24
2020-04-22 22:39:01,1473,633,24
2020-04-22 23:38:57,1473,633,24
2020-04-23 00:39:39,1473,633,24
2020-04-23 01:38:41,1473,633,24
2020-04-23 02:38:40,1473,633,24
2020-04-23 03:29:09,1473,633,24
2020-04-23 04:31:26,1473,633,24
2020-04-23 04:43:07,1473,633,24
2020-04-23 05:31:22,1473,633,24
2020-04-23 06:31:27,1473,633,24
2020-04-23 07:31:24,1523,659,24
2020-04-23 08:31:26,1523,659,24
2020-04-23 09:31:22,1523,659,24
2020-04-23 10:31:22,1523,659,24
2020-04-23 11:31:23,1523,659,24
2020-04-23 12:31:22,1523,659,24
2020-04-23 14:23:00,1523,659,24
2020-04-23 14:31:23,1523,659,24
2020-04-23 15:31:25,1523,659,24
2020-04-23 16:31:22,1523,659,24
2020-04-23 17:31:23,1523,659,24
2020-04-23 17:53:30,1523,659,24
2020-04-23 18:31:23,1523,659,24
2020-04-23 21:41:49,1523,659,24
2020-04-23 22:31:26,1523,659,24
2020-04-23 23:31:38,1523,659,24
2020-04-24 00:31:34,1523,659,24
2020-04-24 01:31:35,1523,659,24
2020-04-24 02:31:35,1523,659,24
2020-04-24 03:31:35,1523,659,24
2020-04-24 04:31:37,1523,659,24
2020-04-24 05:31:33,1523,659,24
2020-04-24 06:31:37,1523,659,24
2020-04-24 07:31:34,1523,659,24
2020-04-24 08:31:34,1596,728,27
2020-04-24 09:31:37,1596,728,27
2020-04-24 10:31:38,1596,728,27
2020-04-24 11:31:40,1596,728,27
2020-04-24 12:31:33,1596,728,27
2020-04-24 13:31:34,1596,728,27
2020-04-24 14:31:36,1596,728,27
2020-04-24 15:31:34,1596,728,27
2020-04-24 15:55:22,1596,728,27
2020-04-24 16:31:35,1596,728,27
2020-04-24 17:31:35,1596,728,27
2020-04-24 18:31:36,1596,728,27
2020-04-24 19:31:35,1596,728,27
2020-04-24 20:31:37,1596,728,27
2020-04-24 21:31:39,1596,728,27
2020-04-25 06:31:19,1596,728,27
2020-04-25 07:31:18,1596,728,27
2020-04-25 08:31:19,1677,803,28
2020-04-25 09:31:16,1677,803,28
2020-04-25 10:31:20,1677,803,28
2020-04-25 11:31:19,1677,803,28
2020-04-25 12:31:19,1677,803,28
2020-04-25 13:31:18,1677,803,28
2020-04-25 14:31:20,1677,803,28
2020-04-25 15:31:23,1677,803,28
2020-04-25 16:31:18,1677,803,28
2020-04-25 17:31:19,1677,803,28
2020-04-25 18:31:19,1677,803,28
2020-04-25 19:04:54,1677,803,28
2020-04-25 19:31:17,1677,803,28
2020-04-25 20:31:19,1677,803,28
2020-04-25 21:31:19,1677,803,28
2020-04-25 22:31:19,1677,803,28
2020-04-25 23:31:22,1677,803,28
2020-04-26 00:31:18,1677,803,28
2020-04-26 01:31:18,1677,803,28
2020-04-26 02:31:18,1677,803,28
2020-04-26 03:31:19,1677,803,28
2020-04-26 04:31:17,1677,803,28
2020-04-26 05:31:19,1677,803,28
2020-04-26 06:31:17,1677,803,28
2020-04-26 07:31:19,1746,833,28
2020-04-26 08:31:19,1746,833,28
2020-04-26 09:31:19,1746,833,28
2020-04-26 10:31:20,1746,833,28
2020-04-26 11:31:19,1746,833,28
2020-04-26 12:31:19,1746,833,28
2020-04-26 13:31:18,1746,833,28
2020-04-26 14:31:19,1746,833,28
2020-04-26 15:31:19,1746,833,28
2020-04-26 16:31:20,1746,833,28
2020-04-26 17:31:18,1746,833,28
2020-04-26 18:31:20,1746,833,28
2020-04-26 19:31:16,1746,833,28
2020-04-26 20:31:19,1746,833,28
2020-04-26 21:31:19,1746,833,28
2020-04-26 22:31:18,1746,833,28
2020-04-26 23:31:18,1746,833,28
2020-04-27 00:31:19,1746,833,28
2020-04-27 01:31:41,1746,833,28
2020-04-27 02:31:20,1746,833,28
2020-04-27 03:31:22,1746,833,28
2020-04-27 04:31:20,1746,833,28
2020-04-27 05:31:20,1746,833,28
2020-04-27 06:31:23,1746,833,28
2020-04-27 07:31:19,1746,833,28
2020-04-27 08:31:19,1808,848,29
2020-04-27 09:31:19,1808,848,29
2020-04-27 10:31:20,1808,848,29
2020-04-27 11:31:22,1808,848,29
2020-04-27 12:31:21,1808,848,29
2020-04-27 13:31:19,1808,848,29
2020-04-27 14:31:17,1808,848,29
2020-04-27 15:31:20,1808,848,29
2020-04-27 16:31:23,1808,848,29
2020-04-27 18:01:53,1808,848,29
2020-04-27 18:31:18,1808,848,29
2020-04-27 19:31:19,1808,848,29
2020-04-27 20:31:20,1808,848,29
2020-04-27 21:31:22,1808,848,29
2020-04-27 22:31:21,1808,848,29
2020-04-27 23:31:19,1808,848,29
2020-04-28 00:31:21,1808,848,29
2020-04-28 01:31:17,1808,848,29
2020-04-28 02:31:20,1808,848,29
2020-04-28 03:31:19,1808,848,29
2020-04-28 04:31:19,1808,848,29
2020-04-28 05:31:16,1808,848,29
2020-04-28 06:31:18,1808,848,29
2020-04-28 07:31:20,1867,866,30
2020-04-28 08:31:20,1867,866,30
2020-04-28 09:31:20,1867,866,30
2020-04-28 10:31:20,1867,866,30
2020-04-28 11:31:17,1867,866,30
2020-04-28 12:31:21,1867,866,30
2020-04-28 14:31:18,1867,866,30
2020-04-28 15:31:20,1867,866,30
2020-04-28 16:31:20,1867,866,30
2020-04-28 16:47:40,1867,866,30
2020-04-28 17:31:19,1867,866,30
2020-04-28 21:05:26,1867,866,30
2020-05-03 22:32:25,2386,1035,35
2020-05-03 23:32:29,2386,1035,35
2020-05-04 05:32:29,2386,1035,35
2020-05-04 00:32:24,2386,1035,35
2020-05-04 06:32:24,2386,1035,35
2020-05-04 00:32:24,2386,1035,35
2020-05-04 06:32:24,2386,1035,35
2020-05-04 02:32:29,2507,1071,39
2020-05-04 08:32:29,2507,1071,39
2020-05-04 02:32:29,2507,1071,39
2020-05-04 09:32:30,2507,1071,39
2020-05-04 03:32:30,2507,1071,39
2020-05-04 11:32:26,2507,1071,39
2020-05-04 05:32:26,2507,1071,39
2020-05-04 11:32:26,2507,1071,39
2020-05-04 12:32:28,2507,1071,39
2020-05-04 06:32:28,2507,1071,39
2020-05-04 12:32:28,2507,1071,39
2020-05-04 13:32:28,2507,1071,39
2020-05-04 14:32:39,2507,1071,39
2020-05-04 08:32:39,2507,1071,39
2020-05-04 14:32:39,2507,1071,39
2020-05-04 08:32:39,2507,1071,39
2020-05-04 14:32:39,2507,1071,39
2020-05-04 16:32:31,2507,1071,39
2020-05-04 10:32:31,2507,1071,39
2020-05-04 16:32:31,2507,1071,39
2020-05-04 11:32:30,2507,1071,39
2020-05-04 17:32:30,2507,1071,39
2020-05-04 11:32:30,2507,1071,39
2020-05-04 17:32:30,2507,1071,39
2020-05-04 13:32:28,2507,1071,39
2020-05-04 19:32:28,2507,1071,39
2020-05-04 14:32:30,2507,1071,39
2020-05-04 20:32:30,2507,1071,39
2020-05-04 15:32:30,2507,1071,39
2020-05-04 21:32:30,2507,1071,39
2020-05-04 15:32:30,2507,1071,39
2020-05-04 22:32:32,2507,1071,39
2020-05-04 17:32:33,2507,1071,39
2020-05-04 23:32:33,2507,1071,39
2020-05-04 17:32:33,2507,1071,39
2020-05-04 23:32:33,2507,1071,39
2020-05-05 01:32:29,2507,1071,39
2020-05-04 19:32:29,2507,1071,39
2020-05-05 01:32:29,2507,1071,39
2020-05-04 20:32:27,2507,1071,39
2020-05-05 02:32:27,2507,1071,39
2020-05-04 20:32:27,2507,1071,39
2020-05-05 02:32:27,2507,1071,39
2020-05-04 20:32:27,2507,1071,39
2020-05-05 02:32:27,2507,1071,39
2020-05-04 23:32:31,2507,1071,39
2020-05-05 05:32:31,2507,1071,39
2020-05-04 23:32:31,2507,1071,39
2020-05-05 05:32:31,2507,1071,39
2020-05-05 06:32:28,2507,1071,39
2020-05-05 01:32:30,2507,1071,39
2020-05-05 07:32:30,2507,1071,39
2020-05-05 01:32:30,2507,1071,39
2020-05-05 08:32:31,2507,1071,39
2020-05-05 02:32:31,2507,1071,39
2020-05-05 08:32:31,2507,1071,39
2020-05-05 09:32:28,2619,1111,40
2020-05-05 10:32:30,2619,1111,40
2020-05-05 04:32:30,2619,1111,40
2020-05-05 10:32:30,2619,1111,40
2020-05-05 11:32:29,2619,1111,40
2020-05-05 05:32:29,2619,1111,40
2020-05-05 11:32:29,2619,1111,40
2020-05-05 06:32:33,2619,1111,40
2020-05-05 12:32:33,2619,1111,40
2020-05-05 07:32:31,2619,1111,40
2020-05-05 13:32:31,2619,1111,40
2020-05-05 08:32:31,2619,1111,40
2020-05-05 14:32:31,2619,1111,40
2020-05-05 15:32:34,2619,1111,40
2020-05-05 09:32:34,2619,1111,40
2020-05-05 10:32:29,2619,1111,40
2020-05-05 18:32:29,2619,1111,40
2020-05-05 20:32:28,2619,1111,40
2020-05-05 22:32:27,2619,1111,40
2020-05-06 00:32:24,2619,1111,40
2020-05-06 01:32:25,2619,1111,40
2020-05-06 02:32:30,2782,1135,40
2020-05-06 04:32:32,2782,1135,40
2020-05-06 05:32:27,2782,1135,40
2020-05-06 07:32:27,2782,1135,40
2020-05-06 10:32:28,2782,1135,40
2020-05-06 11:32:31,2782,1135,40
2020-05-08 07:32:32,2884,1185,42
2020-05-08 08:32:31,2884,1185,42
2020-05-08 09:32:32,3029,1218,43
2020-05-08 10:32:31,3029,1218,43
2020-05-08 11:32:26,3029,1218,43
2020-05-08 12:32:28,3029,1218,43
2020-05-08 13:32:29,3029,1218,43
2020-05-08 14:32:31,3029,1218,43
2020-05-08 15:32:35,3029,1218,43
2020-05-08 16:32:33,3029,1218,43
2020-05-08 17:32:33,3029,1218,43
2020-05-08 19:32:34,3029,1218,43
2020-05-08 20:32:33,3029,1218,43
2020-05-08 22:32:34,3029,1218,43
2020-05-08 23:32:35,3029,1218,43
2020-05-09 00:09:20,3029,1218,43
2020-05-09 01:32:33,3029,1218,43
2020-05-09 03:32:28,3029,1218,43
2020-05-09 04:32:33,3029,1218,43
2020-05-09 06:32:29,3029,1218,43
2020-05-09 07:32:29,3175,1267,44
2020-05-09 09:32:32,3175,1267,44
2020-05-09 10:32:34,3175,1267,44
2020-05-09 11:32:32,3175,1267,44
2020-05-09 12:32:29,3175,1267,44
2020-05-09 13:32:33,3175,1267,44
2020-05-09 14:32:36,3175,1267,44
2020-05-09 16:32:29,3175,1267,44
2020-05-09 19:32:32,3175,1267,44
2020-05-09 20:32:32,3175,1267,44
2020-05-09 21:32:30,3175,1267,44
2020-05-09 22:32:32,3175,1267,44
2020-05-09 23:32:33,3175,1267,44
2020-05-10 00:32:36,3175,1267,44
2020-05-10 01:32:29,3175,1267,44
2020-05-10 02:32:30,3175,1267,44
2020-05-10 04:32:31,3175,1267,44
2020-05-10 05:32:29,3175,1267,44
2020-05-10 07:32:31,3313,1325,45
2020-05-10 08:32:29,3313,1325,45
2020-05-10 09:32:31,3313,1325,45
2020-05-10 10:32:33,3313,1325,45
2020-05-10 11:32:35,3313,1325,45
2020-05-10 13:32:32,3313,1325,45
2020-05-10 14:32:32,3313,1325,45
2020-05-10 16:32:30,3313,1325,45
2020-05-10 18:32:31,3313,1325,45
2020-05-10 19:32:30,3313,1325,45
2020-05-10 21:32:31,3313,1325,45
2020-05-10 22:32:31,3313,1325,45
2020-05-11 00:32:32,3313,1325,45
2020-05-11 02:32:30,3313,1325,45
2020-05-11 03:32:29,3313,1325,45
2020-05-11 04:32:29,3313,1325,45
2020-05-11 05:32:30,3313,1325,45
2020-05-11 06:32:32,3313,1325,45
2020-05-11 07:32:32,3392,1359,46
2020-05-11 08:32:33,3392,1359,46
2020-05-11 10:32:49,3392,1359,46
2020-05-11 12:32:31,3392,1359,46
2020-05-11 13:32:33,3392,1359,46
2020-05-11 14:32:31,3392,1359,46
2020-05-11 15:32:33,3392,1359,46
2020-05-11 16:32:30,3392,1359,46
2020-05-11 18:32:31,3392,1359,46
2020-05-11 20:32:31,3392,1359,46
2020-05-11 22:32:30,3392,1359,46
2020-05-12 00:32:32,3392,1359,46
2020-05-12 01:32:28,3392,1359,46
2020-05-12 03:32:27,3392,1359,46
2020-05-12 04:32:22,3392,1359,46
2020-05-12 05:32:26,3392,1359,46
2020-05-12 06:32:22,3392,1359,46
2020-05-12 07:32:26,3538,1430,47
2020-05-12 09:32:26,3538,1430,47
2020-05-12 10:32:29,3538,1430,47
2020-05-12 11:32:26,3538,1430,47
2020-05-12 12:32:33,3538,1430,47
2020-05-12 13:55:59,3538,1430,47
2020-05-12 14:32:32,3538,1430,47
2020-05-12 15:32:32,3538,1430,47
2020-05-12 18:32:29,3538,1430,47
2020-05-12 22:32:28,3538,1430,47
2020-05-13 00:32:27,3538,1430,47
2020-05-13 01:32:28,3538,1430,47
2020-05-13 03:32:26,3538,1430,47
2020-05-13 04:32:26,3538,1430,47
2020-05-13 05:32:26,3538,1430,47
2020-05-13 10:32:23,3718,1500,48
2020-05-13 11:32:27,3718,1500,48
2020-05-13 12:32:30,3718,1500,48
2020-05-13 13:32:28,3718,1500,48
2020-05-13 15:32:29,3718,1500,48
2020-05-13 16:32:26,3718,1500,48
2020-05-13 17:32:26,3718,1500,48
2020-05-13 19:32:28,3718,1500,48
2020-05-13 20:32:28,3718,1500,48
2020-05-13 21:32:27,3718,1500,48
2020-05-13 22:32:26,3718,1500,48
2020-05-13 23:32:26,3718,1500,48
2020-05-14 00:32:24,3718,1500,48
2020-05-14 01:32:23,3718,1500,48
2020-05-14 02:32:22,3718,1500,48
2020-05-14 03:32:28,3718,1500,48
2020-05-14 04:32:26,3718,1500,48
2020-05-14 05:32:24,3718,1500,48
2020-05-14 07:32:28,3860,1572,49
2020-05-14 08:32:29,3860,1572,49
2020-05-14 09:32:23,3860,1572,49
2020-05-14 10:32:26,3860,1572,49
2020-05-14 11:32:26,3860,1572,49
2020-05-14 12:32:25,3860,1572,49
2020-05-14 13:32:29,3860,1572,49
2020-05-14 15:32:29,3860,1572,49
2020-05-14 16:32:28,3860,1572,49
2020-05-14 17:32:31,3860,1572,49
2020-05-14 17:38:36,3860,1572,49
2020-05-14 19:33:22,3860,1572,49
2020-05-14 20:32:57,3860,1572,49
2020-05-14 21:33:46,3860,1572,49
2020-05-14 23:32:28,3860,1572,49
2020-05-15 00:32:21,3860,1572,49
2020-05-15 01:32:58,3860,1572,49
2020-05-15 03:32:25,3860,1572,49
2020-05-15 04:32:21,3860,1572,49
2020-05-15 05:32:13,3860,1572,49
2020-05-15 06:32:14,3860,1572,49
2020-05-15 14:05:46,4044,1666,52
2020-05-15 15:32:17,4044,1666,52
2020-05-15 16:33:15,4044,1666,52
2020-05-15 17:32:38,4044,1666,52
2020-05-15 19:32:22,4044,1666,52
2020-05-15 21:32:37,4044,1666,52
2020-05-15 22:32:33,4044,1666,52
2020-05-16 00:32:34,4044,1666,52
2020-05-16 01:32:22,4044,1666,52
2020-05-16 02:32:19,4044,1666,52
2020-05-16 03:32:20,4044,1666,52
2020-05-16 04:32:19,4044,1666,52
2020-05-16 05:32:17,4044,1666,52
2020-05-16 07:32:23,4044,1666,52
2020-05-16 08:32:14,4283,1791,55
2020-05-16 09:32:14,4283,1791,55
2020-05-16 10:32:10,4283,1791,55
2020-05-16 11:32:15,4283,1791,55
2020-05-16 12:32:19,4283,1791,55
2020-05-16 13:32:25,4283,1791,55
2020-05-16 14:33:14,4283,1791,55
2020-05-16 16:32:14,4283,1791,55
2020-05-16 17:32:47,4283,1791,55
2020-05-16 19:32:20,4283,1791,55
2020-05-16 20:32:26,4283,1791,55
2020-05-16 22:32:24,4283,1791,55
2020-05-17 01:32:17,4283,1791,55
2020-05-17 03:32:24,4283,1791,55
2020-05-17 04:32:15,4283,1791,55
2020-05-17 05:32:17,4283,1791,55
2020-05-17 07:32:16,4472,1925,60
2020-05-17 08:32:16,4472,1925,60
2020-05-17 09:32:14,4472,1925,60
2020-05-17 10:32:15,4472,1925,60
2020-05-17 12:32:17,4472,1925,60
2020-05-17 13:32:17,4472,1925,60
2020-05-17 15:32:20,4472,1925,60
2020-05-17 17:32:22,4472,1925,60
2020-05-17 18:32:28,4472,1925,60
2020-05-17 19:32:44,4472,1925,60
2020-05-17 21:32:18,4472,1925,60
2020-05-17 22:32:24,4472,1925,60
2020-05-17 23:32:23,4472,1925,60
2020-05-18 00:32:18,4472,1925,60
2020-05-18 01:32:25,4472,1925,60
2020-05-18 02:32:21,4472,1925,60
2020-05-18 04:32:18,4472,1925,60
2020-05-18 05:32:24,4472,1925,60
2020-05-18 07:32:16,4823,2019,61
2020-05-18 09:32:17,4823,2019,61
2020-05-18 10:32:18,4823,2019,61
2020-05-18 11:32:19,4823,2019,61
2020-05-18 12:32:16,4823,2019,61
2020-05-18 13:32:20,4823,2019,61
2020-05-18 16:32:28,4823,2019,61
2020-05-18 20:03:24,4823,2019,61
2020-05-18 21:32:33,4823,2019,61
2020-05-18 23:32:29,4823,2019,61
2020-05-19 00:32:23,4823,2019,61
2020-05-19 02:32:18,4823,2019,61
2020-05-19 03:32:14,4823,2019,61
2020-05-19 05:32:20,4823,2019,61
2020-05-19 06:32:15,4823,2019,61
2020-05-19 07:32:18,5041,2164,64
2020-05-19 08:32:18,5041,2164,64
2020-05-19 09:32:19,5041,2164,64
2020-05-19 10:32:12,5041,2164,64
2020-05-19 11:32:16,5041,2164,64
2020-05-19 13:32:33,5041,2164,64
2020-05-19 14:32:25,5041,2164,64
2020-05-19 17:32:21,5041,2164,64
2020-05-19 18:32:23,5041,2164,64
2020-05-19 19:32:29,5041,2164,64
2020-05-19 20:32:29,5041,2164,64
2020-05-19 21:32:25,5041,2164,64
2020-05-19 23:32:20,5041,2164,64
2020-05-20 00:32:21,5041,2164,64
2020-05-20 01:32:23,5041,2164,64
2020-05-20 03:32:19,5041,2164,64
2020-05-20 04:32:15,5041,2164,64
2020-05-20 05:32:15,5041,2164,64
2020-05-20 06:32:17,5041,2164,64
2020-05-20 07:32:17,5271,2419,67
2020-05-20 09:32:18,5271,2419,67
2020-05-20 13:32:18,5271,2419,67
2020-05-20 14:32:17,5271,2419,67
2020-05-20 15:32:22,5271,2419,67
2020-05-20 16:32:25,5271,2419,67
2020-05-20 18:21:02,5271,2419,67
2020-05-20 19:32:46,5271,2419,67
2020-05-20 20:55:18,5271,2419,67
2020-05-20 21:32:49,5271,2419,67
2020-05-20 22:32:46,5271,2419,67
2020-05-21 00:32:44,5271,2419,67
2020-05-21 01:32:45,5271,2419,67
2020-05-21 02:32:48,5271,2419,67
2020-05-21 03:32:44,5271,2419,67
2020-05-21 04:32:40,5271,2419,67
2020-05-21 05:32:41,5271,2419,67
2020-05-21 06:33:02,5271,2419,67
2020-05-21 08:32:43,5606,2581,70
2020-05-21 09:32:44,5606,2581,70
2020-05-21 10:32:45,5606,2581,70
2020-05-21 11:32:43,5606,2581,70
2020-05-21 12:32:43,5606,2581,70
2020-05-21 13:32:48,5606,2581,70
2020-05-21 14:32:45,5606,2581,70
2020-05-21 15:32:43,5606,2581,70
2020-05-21 21:25:46,5606,2581,70
2020-05-21 22:32:45,5606,2581,70
2020-05-22 00:32:43,5606,2581,70
2020-05-22 01:33:00,5606,2581,70
2020-05-22 02:36:51,5606,2581,70
2020-05-22 03:36:50,5606,2581,70
2020-05-22 04:36:46,5606,2581,70
2020-05-22 05:36:47,5606,2581,70
2020-05-22 06:36:47,5606,2581,70
2020-05-22 07:32:43,5928,2874,74
2020-05-22 10:32:42,5928,2874,74
2020-05-22 12:32:39,5928,2874,74
2020-05-22 16:04:24,5928,2874,74
2020-05-22 16:32:43,5928,2874,74
2020-05-22 19:32:39,5928,2874,74
2020-05-22 20:32:43,5928,2874,74
2020-05-22 21:32:48,5928,2874,74
2020-05-22 23:20:02,5928,2874,74
2020-05-22 23:32:40,5928,2874,74
2020-05-23 00:32:41,5928,2874,74
2020-05-23 01:32:56,5928,2874,74
2020-05-23 02:32:42,5928,2874,74
2020-05-23 04:32:39,5928,2874,74
2020-05-23 06:32:41,5928,2874,74
2020-05-23 07:32:41,6302,2936,77
2020-05-23 08:32:42,6302,2936,77
2020-05-23 09:32:38,6302,2936,77
2020-05-23 10:32:42,6302,2936,77
2020-05-23 11:32:39,6302,2936,77
2020-05-23 15:32:45,6302,2936,77
2020-05-23 17:32:43,6302,2936,77
2020-05-23 19:32:40,6302,2936,77
2020-05-24 15:09:33,6661,3064,81
2020-05-24 15:32:42,6661,3064,81
2020-05-24 17:32:44,6661,3064,81
2020-05-24 19:32:40,6661,3064,81
2020-05-24 22:32:40,6661,3064,81
2020-05-25 05:32:41,6661,3064,81
2020-05-25 07:32:42,7113,3145,87
2020-05-25 08:32:42,7113,3145,87
2020-05-25 10:32:37,7113,3145,87
2020-05-25 11:32:41,7113,3145,87
2020-05-25 16:32:40,7113,3145,87
2020-05-25 17:32:43,7113,3145,87
2020-05-25 19:33:49,7113,3145,87
2020-05-25 20:32:43,7113,3145,87
2020-05-26 02:32:35,7113,3145,87
2020-05-26 03:32:42,7113,3145,87
2020-05-26 04:32:38,7113,3145,87
2020-05-26 09:32:39,7402,3220,91
2020-05-26 12:33:40,7402,3220,91
2020-05-26 14:32:42,7402,3220,91
2020-05-26 19:32:32,7402,3220,91
2020-05-26 20:32:59,7402,3220,91
2020-05-26 22:32:32,7402,3220,91
2020-05-26 23:32:31,7402,3220,91
2020-05-27 00:32:30,7402,3220,91
2020-05-27 01:32:33,7402,3220,91
2020-05-27 02:32:31,7402,3220,91
2020-05-27 03:32:30,7402,3220,91
2020-05-27 04:32:31,7402,3220,91
2020-05-27 05:32:30,7402,3220,91
2020-05-27 07:32:34,7774,3255,98
2020-05-27 08:32:27,7774,3255,98
2020-05-27 09:32:35,7774,3255,98
2020-05-27 10:32:40,7774,3255,98
2020-05-27 12:32:28,7774,3255,98
2020-05-27 13:32:30,7774,3255,98
2020-05-27 15:32:33,7774,3255,98
2020-05-27 20:32:31,7774,3255,98
2020-05-27 21:32:33,7774,3255,98
2020-05-28 11:32:30,8216,3287,113
2020-05-28 13:32:33,8216,3287,113
2020-05-28 14:32:34,8216,3287,113
2020-05-28 15:32:44,8216,3287,113
2020-05-28 17:03:01,8216,3287,113
2020-05-28 17:32:43,8216,3287,113
2020-05-28 20:37:00,8216,3287,113
2020-05-28 22:32:35,8216,3287,113
2020-05-28 23:32:33,8216,3287,113
2020-05-29 02:10:44,8216,3287,113
2020-05-29 02:32:50,8216,3287,113
2020-05-29 03:32:45,8216,3287,113
2020-05-29 04:32:48,8216,3287,113
2020-05-29 06:32:50,8216,3287,113
2020-05-29 07:32:50,8676,3297,120
2020-05-29 08:32:44,8676,3297,120
2020-05-29 09:32:48,8676,3297,120
2020-05-29 10:32:45,8676,3297,120
2020-05-29 11:32:50,8676,3297,120
2020-05-29 12:32:46,8676,3297,120
2020-05-29 13:32:49,8676,3297,120
2020-05-29 14:32:53,8676,3297,120
2020-05-29 15:32:53,8676,3297,120
2020-05-29 16:32:55,8676,3297,120
2020-05-29 18:46:35,8676,3297,120
2020-05-29 19:32:49,8676,3297,120
2020-05-29 20:32:48,8676,3297,120
2020-05-29 22:32:49,8676,3297,120
2020-05-29 23:32:50,8676,3297,120
2020-05-30 00:32:49,8676,3297,120
2020-05-30 01:32:43,8676,3297,120
2020-05-30 02:32:48,8676,3297,120
2020-05-30 03:32:47,8676,3297,120
2020-05-30 04:32:45,8676,3297,120
2020-05-30 05:32:43,8676,3297,120
2020-05-30 06:32:45,8676,3297,120
2020-05-30 14:33:47,8927,3317,127
2020-05-30 16:32:45,8927,3317,127
2020-05-30 19:32:47,8927,3317,127
2020-05-30 20:32:56,8927,3317,127
2020-05-30 21:32:49,8927,3317,127
2020-05-30 22:32:49,8927,3317,127
2020-05-31 12:32:57,9282,3386,131
2020-05-31 14:32:47,9282,3386,131
2020-05-31 16:32:44,9282,3386,131
2020-05-31 18:32:45,9282,3386,131
2020-05-31 19:32:44,9282,3386,131
2020-05-31 21:32:47,9282,3386,131
2020-05-31 23:32:46,9282,3386,131
2020-06-01 01:32:50,9282,3386,131
2020-06-01 04:32:44,9282,3386,131
2020-06-01 06:32:46,9282,3386,131
2020-06-01 13:32:44,9492,3402,139
2020-06-01 14:32:51,9492,3402,139
2020-06-01 16:32:45,9492,3402,139
2020-06-01 17:32:55,9492,3402,139
2020-06-01 22:22:56,9492,3402,139
2020-06-01 22:33:01,9492,3402,139
2020-06-02 00:33:39,9492,3402,139
2020-06-02 01:33:03,9492,3402,139
2020-06-02 02:33:08,9492,3402,139
2020-06-02 05:33:05,9492,3402,139
2020-06-02 09:33:18,10009,3427,158
2020-06-02 20:33:55,10009,3427,158
2020-06-02 21:33:05,10009,3427,158
2020-06-02 22:33:09,10009,3427,158
2020-06-02 23:33:06,10009,3427,158
2020-06-03 00:33:16,10009,3427,158
2020-06-03 01:33:08,10009,3427,158
2020-06-03 02:33:13,10009,3427,158
2020-06-03 03:33:06,10009,3427,158
2020-06-03 04:33:08,10009,3427,158
2020-06-03 13:33:16,10524,3454,170
2020-06-03 14:33:13,10524,3454,170
2020-06-03 15:33:31,10524,3454,170
2020-06-03 16:33:20,10524,3454,170
2020-06-03 17:33:10,10524,3454,170
2020-06-03 18:33:17,10524,3454,170
2020-06-03 21:33:20,10524,3454,170
2020-06-03 22:33:16,10524,3454,170
2020-06-03 23:33:14,10524,3454,170
2020-06-04 00:33:05,10524,3454,170
2020-06-04 02:33:14,10524,3454,170
2020-06-04 04:17:22,10524,3454,170
2020-06-04 04:33:42,10524,3454,170
2020-06-04 05:33:12,10524,3454,170
2020-06-04 11:33:13,11221,3468,176
2020-06-04 12:33:04,11221,3468,176
2020-06-04 14:33:13,11221,3468,176
2020-06-04 15:33:19,11221,3468,176
2020-06-04 19:33:09,11221,3468,176
2020-06-05 01:33:13,11221,3468,176
2020-06-05 02:33:06,11221,3468,176
2020-06-05 07:33:10,11817,3513,183
2020-06-05 13:33:07,11817,3513,183
2020-06-09 01:44:48,13325,4099,211
2020-06-09 02:33:02,13325,4099,211
2020-06-09 03:33:03,13325,4099,211
2020-06-09 05:33:02,13325,4099,211
2020-06-09 12:33:09,13675,4451,217
2020-06-09 13:33:06,13675,4451,217
2020-06-09 15:32:59,13675,4451,217
2020-06-09 16:33:42,13675,4451,217
2020-06-09 17:33:39,13675,4451,217
2020-06-09 18:33:31,13675,4451,217
2020-06-09 20:33:25,13675,4451,217
2020-06-10 00:33:39,13675,4451,217
2020-06-10 01:33:10,13675,4451,217
2020-06-10 02:33:04,13675,4451,217
2020-06-10 04:07:00,13675,4451,217
2020-06-10 04:32:59,13675,4451,217
2020-06-10 06:33:03,13675,4451,217
2020-06-10 14:33:33,14103,5226,227
2020-06-10 15:33:09,14103,5226,227
2020-06-10 16:58:29,14103,5226,227
2020-06-10 19:33:18,14103,5226,227
2020-06-10 21:33:19,14103,5226,227
2020-06-10 23:33:13,14103,5226,227
2020-06-11 02:33:14,14103,5226,227
2020-06-11 03:13:14,14103,5226,227
2020-06-11 09:33:06,14669,5466,245
2020-06-11 13:33:19,14669,5466,245
2020-06-11 15:33:11,14669,5466,245
2020-06-11 16:33:14,14669,5466,245
2020-06-11 17:33:23,14669,5466,245
2020-06-11 19:33:08,14669,5466,245
2020-06-11 19:38:40,14669,5466,245
2020-06-11 20:33:25,14669,5466,245
2020-06-11 21:33:23,14669,5466,245
2020-06-11 22:33:21,14669,5466,245
2020-06-11 23:33:13,14669,5466,245
2020-06-12 01:33:10,14669,5466,245
2020-06-12 02:33:15,14669,5466,245
2020-06-12 04:41:56,14669,5466,245
2020-06-12 05:33:14,14669,5466,245
2020-06-12 06:45:59,14669,5466,245
2020-06-12 09:33:06,15281,5639,258
2020-06-12 10:35:14,15281,5639,258
2020-06-13 20:33:16,16004,6081,264
2020-06-14 01:33:10,16004,6081,264
2020-06-14 02:40:36,16004,6081,264
2020-06-14 03:33:15,16004,6081,264
2020-06-14 04:33:16,16004,6081,264
2020-06-14 06:33:13,16004,6081,264
2020-06-14 15:33:15,16667,6214,269
2020-06-14 16:33:12,16667,6214,269
2020-06-14 18:33:15,16667,6214,269
2020-06-14 19:33:09,16667,6214,269
2020-06-14 20:33:23,16667,6214,269
2020-06-14 23:33:15,16667,6214,269
2020-06-15 01:33:09,16667,6214,269
2020-06-15 02:33:14,16667,6214,269
2020-06-15 04:33:15,16667,6214,269
2020-06-15 05:33:11,16667,6214,269
2020-06-15 07:33:09,17064,6276,285
2020-06-15 08:33:20,17064,6276,285
2020-06-15 09:33:04,17064,6276,285
2020-06-15 16:33:12,17064,6276,285
2020-06-15 17:33:14,17064,6276,285
2020-06-15 18:33:14,17064,6276,285
2020-06-15 20:33:08,17064,6276,285
2020-06-15 21:33:14,17064,6276,285
2020-06-15 22:43:56,17064,6276,285
2020-06-15 23:33:10,17064,6276,285
2020-06-16 00:33:15,17064,6276,285
2020-06-16 01:33:14,17064,6276,285
2020-06-16 02:33:12,17064,6276,285
2020-06-16 03:33:15,17064,6276,285
2020-06-16 04:33:09,17064,6276,285
2020-06-16 05:33:11,17064,6276,285
2020-06-16 07:33:13,17489,6571,293
2020-06-16 15:33:15,17489,6571,293
2020-06-16 16:33:16,17489,6571,293
2020-06-16 17:33:17,17489,6571,293
2020-06-16 19:33:14,17489,6571,293
2020-06-16 20:33:09,17489,6571,293
2020-06-16 21:56:18,17489,6571,293
2020-06-16 23:17:30,17489,6571,293
2020-06-16 23:33:19,17489,6571,293
2020-06-17 00:33:16,17489,6571,293
2020-06-17 01:33:20,17489,6571,293
2020-06-17 04:33:21,17489,6571,293
2020-06-17 05:33:18,17489,6571,293
2020-06-17 06:33:19,17489,6571,293
2020-06-17 07:33:17,18033,6814,302
2020-06-17 08:33:19,18033,6814,302
2020-06-17 17:33:30,18033,6814,302
2020-06-17 18:33:28,18033,6814,302
2020-06-17 19:33:24,18033,6814,302
2020-06-17 21:21:09,18033,6814,302
2020-06-17 22:33:22,18033,6814,302
2020-06-18 00:53:51,18033,6814,302
2020-06-18 02:33:24,18033,6814,302
2020-06-18 03:59:29,18033,6814,302
2020-06-18 04:33:18,18033,6814,302
2020-06-18 05:33:21,18033,6814,302
2020-06-18 06:33:26,18033,6814,302
2020-06-18 07:33:27,18033,6814,302
2020-06-18 08:33:24,18698,7560,309
2020-06-18 09:39:24,18698,7560,309
2020-06-18 10:33:22,18698,7560,309
2020-06-18 11:33:25,18698,7560,309
2020-06-18 12:33:20,18698,7560,309
2020-06-18 14:33:27,18698,7560,309
2020-06-18 16:33:23,18698,7560,309
2020-06-18 17:33:43,18698,7560,309
2020-06-18 18:33:25,18698,7560,309
2020-06-18 19:33:26,18698,7560,309
2020-06-18 20:33:25,18698,7560,309
2020-06-18 21:33:24,18698,7560,309
2020-06-18 22:33:26,18698,7560,309
2020-06-18 23:33:21,18698,7560,309
2020-06-19 01:33:28,18698,7560,309
2020-06-18 05:33:21,18033,6814,302
2020-06-20 03:33:19,19157,8266,319
2020-06-20 04:33:19,19157,8266,319
2020-06-20 13:33:21,19708,8854,332
2020-06-20 15:05:03,19708,8854,332
2020-06-20 16:08:51,19708,8854,332
2020-06-20 16:33:21,19708,8854,332
2020-06-20 17:33:22,19708,8854,332
2020-06-20 21:32:10,19708,8854,332
2020-06-20 22:33:19,19708,8854,332
2020-06-20 23:33:50,19708,8854,332
2020-06-21 14:33:18,20268,9002,350
2020-06-21 15:33:21,20268,9002,350
2020-06-22 01:33:25,20268,9002,350
2020-06-22 02:33:17,20268,9002,350
2020-06-22 03:33:21,20268,9002,350
2020-06-22 04:33:20,20268,9002,350
2020-06-22 14:40:34,20588,9131,360
2020-06-22 16:04:08,20588,9131,360
2020-06-22 16:33:21,20588,9131,360
2020-06-22 17:33:22,20588,9131,360
2020-06-22 18:33:23,20588,9131,360
2020-06-22 19:34:05,20588,9131,360
2020-06-22 21:49:10,20588,9131,360
2020-06-22 22:33:27,20588,9131,360
2020-06-22 23:33:25,20588,9131,360
2020-06-23 00:33:26,20588,9131,360
2020-06-23 01:33:42,20588,9131,360
2020-06-23 02:33:26,20588,9131,360
2020-06-23 03:33:27,20588,9131,360
2020-06-23 04:33:22,20588,9131,360
2020-06-23 05:33:24,20588,9131,360
2020-06-23 13:33:21,21006,10144,372
2020-06-23 14:33:34,21006,10144,372
2020-06-23 16:25:23,21006,10144,372
2020-06-23 16:44:34,21006,10144,372
2020-06-23 17:33:26,21006,10144,372
2020-06-23 18:33:26,21006,10144,372
2020-06-23 19:33:23,21006,10144,372
2020-06-23 20:33:33,21006,10144,372
2020-06-23 21:34:06,21006,10144,372
2020-06-23 22:52:02,21006,10144,372
2020-06-23 23:33:26,21006,10144,372
2020-06-24 01:16:49,21006,10144,372
2020-06-24 01:33:24,21006,10144,372
2020-06-24 02:33:29,21006,10144,372
2020-06-24 04:33:28,21006,10144,372
2020-06-24 19:34:51,21717,10797,386
2020-06-25 05:26:54,21717,10797,386
2020-06-25 08:33:47,22488,11335,397
2020-06-25 11:59:25,22488,11335,397
2020-06-25 12:33:37,22488,11335,397
2020-06-25 13:33:38,22488,11335,397
2020-06-25 14:33:42,22488,11335,397
2020-06-25 15:33:52,22488,11335,397
2020-06-25 20:33:36,22488,11335,397
2020-06-25 22:33:39,22488,11335,397
2020-06-26 00:34:14,22488,11335,397
2020-06-26 01:14:11,22488,11335,397
2020-06-26 01:33:40,22488,11335,397
2020-06-26 02:33:39,22488,11335,397
2020-06-26 03:33:43,22488,11335,397
2020-06-26 04:33:43,22488,11335,397
2020-06-26 05:33:45,22488,11335,397
2020-06-26 12:33:46,23247,12149,410
2020-06-26 13:33:41,23247,12149,410
2020-06-26 15:33:52,23247,12149,410
2020-06-26 16:55:59,23247,12149,410
2020-06-26 17:33:54,23247,12149,410
2020-06-26 18:33:45,23247,12149,410
2020-06-26 20:22:13,23247,12149,410
2020-06-26 20:33:37,23247,12149,410
2020-06-27 13:33:43,23909,12911,421
2020-06-27 14:34:00,23909,12911,421
2020-06-27 16:33:40,23909,12911,421
2020-06-27 18:33:37,23909,12911,421
2020-06-27 19:33:43,23909,12911,421
2020-06-27 20:35:01,23909,12911,421
2020-06-28 01:33:43,23909,12911,421
2020-06-28 21:33:49,24645,13116,426
2020-06-30 02:33:46,25127,13297,433
2020-06-30 03:33:46,25127,13297,433
2020-06-30 04:33:48,25127,13297,433
2020-06-30 13:33:53,25542,14048,443
2020-06-30 18:33:49,25542,14048,443
2020-06-30 19:33:50,25542,14048,443
2020-06-30 20:45:41,25542,14048,443
2020-06-30 21:33:55,25542,14048,443
2020-06-30 22:41:25,25542,14048,443
2020-06-30 23:33:45,25542,14048,443
2020-07-01 02:33:53,25542,14048,443
2020-07-01 12:33:52,26065,14563,453
2020-07-01 13:34:05,26065,14563,453
2020-07-01 15:36:55,26065,14563,453
2020-07-01 17:34:03,26065,14563,453
2020-07-02 06:33:50,26065,14563,453
2020-07-02 07:33:57,26658,15036,459
2020-07-02 12:36:12,26658,15036,459
2020-07-02 15:34:21,26658,15036,459
2020-07-02 17:14:36,26658,15036,459
2020-07-02 17:33:57,26658,15036,459
2020-07-02 18:33:54,26658,15036,459
2020-07-02 19:33:55,26658,15036,459
2020-07-02 20:33:55,26658,15036,459
2020-07-02 21:59:40,26658,15036,459
2020-07-02 22:33:50,26658,15036,459
2020-07-02 23:42:32,26658,15036,459
2020-07-03 00:33:50,26658,15036,459
2020-07-03 01:34:00,26658,15036,459
2020-07-03 02:33:57,26658,15036,459
2020-07-03 03:33:52,26658,15036,459
2020-07-03 04:33:54,26658,15036,459
2020-07-03 09:33:52,27320,15484,469
2020-07-03 13:33:55,27320,15484,469
2020-07-03 19:34:13,27320,15484,469
2020-07-04 02:33:48,27320,15484,469
2020-07-04 03:33:45,27320,15484,469
2020-07-04 04:33:51,27320,15484,469
2020-07-04 05:33:48,27320,15484,469
2020-07-04 14:33:58,27900,15935,477
2020-07-04 15:33:50,27900,15935,477
2020-07-04 16:33:49,27900,15935,477
2020-07-05 15:33:47,28606,16140,484
2020-07-05 21:06:58,28606,16140,484
2020-07-06 01:33:44,28606,16140,484
2020-07-06 15:34:00,28936,16302,491
2020-07-06 18:22:00,28936,16302,491
2020-07-06 18:34:02,28936,16302,491
2020-07-06 19:33:59,28936,16302,491
2020-07-06 22:33:52,28936,16302,491
2020-07-07 00:33:59,28936,16302,491
2020-07-07 01:33:52,28936,16302,491
2020-07-07 02:33:55,28936,16302,491
2020-07-07 03:35:36,28936,16302,491
2020-07-07 04:34:00,28936,16302,491
2020-07-07 11:33:56,29285,16907,503
2020-07-07 12:34:40,29285,16907,503
2020-07-07 13:34:00,29285,16907,503
2020-07-07 14:33:59,29285,16907,503
2020-07-08 23:34:00,29820,17427,521
2020-07-09 00:36:13,29820,17427,521
2020-07-09 01:33:51,29820,17427,521
2020-07-09 02:48:04,29820,17427,521
2020-07-09 03:33:48,29820,17427,521
2020-07-09 04:34:23,29820,17427,521
2020-07-09 08:33:53,30346,18000,535
2020-07-09 11:34:02,30346,18000,535
2020-07-09 12:34:08,30346,18000,535
2020-07-09 14:33:59,30346,18000,535
2020-07-09 15:34:21,30346,18000,535
2020-07-09 16:33:58,30346,18000,535
2020-07-09 17:34:07,30346,18000,535
2020-07-09 18:35:01,30346,18000,535
2020-07-09 19:33:59,30346,18000,535
2020-07-09 20:33:56,30346,18000,535
2020-07-09 21:56:54,30346,18000,535
2020-07-09 22:44:46,30346,18000,535
2020-07-09 23:34:35,30346,18000,535
2020-07-10 00:34:33,30346,18000,535
2020-07-10 02:10:32,30346,18000,535
2020-07-10 02:34:22,30346,18000,535
2020-07-10 08:34:28,30903,18709,546
2020-07-12 02:34:38,31392,19419,559
2020-07-12 03:34:27,31392,19419,559
2020-07-12 04:34:30,31392,19419,559
2020-07-12 05:34:33,31392,19419,559
2020-07-12 06:34:23,31392,19419,559
2020-07-12 07:34:20,31969,19633,565
2020-07-12 08:34:28,31969,19633,565
2020-07-12 09:34:36,31969,19633,565
2020-07-12 10:34:28,31969,19633,565
2020-07-12 11:34:29,31969,19633,565
2020-07-12 12:34:33,31969,19633,565
2020-07-12 15:34:34,31969,19633,565
2020-07-12 16:35:00,31969,19633,565
2020-07-12 19:34:39,31969,19633,565
2020-07-12 20:34:43,31969,19633,565
2020-07-12 21:34:29,31969,19633,565
2020-07-12 22:34:29,31969,19633,565
2020-07-12 23:34:23,31969,19633,565
2020-07-13 00:34:29,31969,19633,565
2020-07-13 01:34:33,31969,19633,565
2020-07-13 03:09:12,31969,19633,565
2020-07-13 03:34:27,31969,19633,565
2020-07-13 04:43:04,31969,19633,565
2020-07-13 11:10:28,32151,19865,573
2020-07-13 11:34:26,32151,19865,573
2020-07-13 12:34:33,32151,19865,573
2020-07-13 14:07:11,32151,19865,573
2020-07-13 14:34:30,32151,19865,573
2020-07-13 15:35:01,32151,19865,573
2020-07-13 16:34:41,32151,19865,573
2020-07-13 17:46:08,32151,19865,573
2020-07-13 18:35:26,32151,19865,573
2020-07-13 19:35:22,32151,19865,573
2020-07-13 20:34:37,32151,19865,573
2020-07-13 22:34:29,32151,19865,573
2020-07-14 00:34:39,32151,19865,573
2020-07-14 02:35:45,32151,19865,573
2020-07-14 03:35:03,32151,19865,573
2020-07-14 04:34:46,32151,19865,573
2020-07-14 07:05:55,32490,20729,581
2020-07-14 07:45:55,32490,20729,581
2020-07-14 12:12:07,32490,20729,581
2020-07-14 12:34:36,32490,20729,581
2020-07-14 13:34:44,32490,20729,581
2020-07-14 14:40:27,32490,20729,581
2020-07-14 15:34:46,32490,20729,581
2020-07-14 16:50:42,32490,20729,581
2020-07-14 18:03:12,32490,20729,581
2020-07-14 18:35:04,32490,20729,581
2020-07-14 20:38:37,32490,20729,581
2020-07-14 21:34:39,32490,20729,581
2020-07-14 22:34:44,32490,20729,581
2020-07-14 23:34:41,32490,20729,581
2020-07-15 00:34:39,32490,20729,581
2020-07-15 01:34:54,32490,20729,581
2020-07-15 02:34:47,32490,20729,581
2020-07-15 03:41:15,32490,20729,581
2020-07-15 04:34:39,32490,20729,581
2020-07-15 12:34:59,33005,21348,592
2020-07-15 13:34:37,33005,21348,592
2020-07-15 14:34:37,33005,21348,592
2020-07-15 15:34:49,33005,21348,592
2020-07-15 16:35:18,33005,21348,592
2020-07-15 17:34:58,33005,21348,592
2020-07-15 18:34:59,33005,21348,592
2020-07-15 21:28:21,33005,21348,592
2020-07-15 21:34:55,33005,21348,592
2020-07-15 23:06:26,33005,21348,592
2020-07-15 23:51:10,33005,21348,592
2020-07-16 00:35:01,33005,21348,592
2020-07-16 01:35:35,33005,21348,592
2020-07-16 06:34:45,33005,21348,592
2020-07-16 07:35:13,33559,21931,607
2020-07-16 12:34:49,33559,21931,607
2020-07-16 13:35:00,33559,21931,607
2020-07-16 17:51:08,33559,21931,607
2020-07-16 18:35:18,33559,21931,607
2020-07-16 19:34:47,33559,21931,607
2020-07-16 20:35:00,33559,21931,607
2020-07-16 22:26:50,33559,21931,607
2020-07-16 22:34:33,33559,21931,607
2020-07-16 23:35:47,33559,21931,607
2020-07-17 00:35:12,33559,21931,607
2020-07-17 01:34:50,33559,21931,607
2020-07-17 06:35:07,33559,21931,607
2020-07-17 11:34:45,34001,22492,620
2020-07-17 12:34:51,34001,22492,620
2020-07-17 13:34:41,34001,22492,620
2020-07-17 14:35:21,34001,22492,620
2020-07-17 15:35:09,34001,22492,620
2020-07-17 16:34:46,34001,22492,620
2020-07-17 17:35:00,34001,22492,620
2020-07-17 18:35:12,34001,22492,620
2020-07-17 19:35:37,34001,22492,620
2020-07-17 20:34:57,34001,22492,620
2020-07-17 21:38:56,34001,22492,620
2020-07-17 22:34:48,34001,22492,620
2020-07-18 00:34:46,34001,22492,620
2020-07-18 01:34:52,34001,22492,620
2020-07-18 02:35:01,34001,22492,620
2020-07-18 03:34:52,34001,22492,620
2020-07-18 04:34:45,34001,22492,620
2020-07-18 05:34:53,34001,22492,620
2020-07-18 06:34:54,34001,22492,620
2020-07-18 07:34:49,34462,23123,631
2020-07-18 08:34:48,34462,23123,631
2020-07-18 09:34:43,34462,23123,631
2020-07-18 10:34:46,34462,23123,631
2020-07-18 11:35:27,34462,23123,631
2020-07-18 12:35:23,34462,23123,631
2020-07-18 13:35:19,34462,23123,631
2020-07-18 14:34:59,34462,23123,631
2020-07-18 15:35:09,34462,23123,631
2020-07-18 16:34:54,34462,23123,631
2020-07-18 17:35:01,34462,23123,631
2020-07-18 18:34:48,34462,23123,631
2020-07-19 13:34:58,34877,23294,641
2020-07-19 14:34:47,34877,23294,641
2020-07-19 15:35:48,34877,23294,641
2020-07-19 16:34:37,34877,23294,641
2020-07-19 17:34:42,34877,23294,641
2020-07-19 18:34:37,34877,23294,641
2020-07-19 19:34:46,34877,23294,641
2020-07-19 20:34:47,34877,23294,641
2020-07-19 21:38:26,34877,23294,641
2020-07-19 22:34:38,34877,23294,641
2020-07-19 23:34:38,34877,23294,641
2020-07-20 00:34:40,34877,23294,641
2020-07-20 01:35:13,34877,23294,641
2020-07-20 02:35:44,34877,23294,641
2020-07-20 03:35:00,34877,23294,641
2020-07-20 12:34:49,34981,23502,650
2020-07-20 13:38:45,34981,23502,650
2020-07-20 14:35:04,34981,23502,650
2020-07-20 16:55:01,34981,23502,650
2020-07-20 18:46:32,34981,23502,650
2020-07-20 19:35:14,34981,23502,650
2020-07-20 20:34:41,34981,23502,650
2020-07-20 21:45:40,34981,23502,650
2020-07-20 22:34:46,34981,23502,650
2020-07-20 23:34:43,34981,23502,650
2020-07-21 01:06:32,34981,23502,650
2020-07-21 07:36:46,35254,24206,662
2020-07-21 12:42:39,35254,24206,662
2020-07-21 13:35:48,35254,24206,662
2020-07-21 14:34:47,35254,24206,662
2020-07-21 15:35:12,35254,24206,662
2020-07-21 16:35:18,35254,24206,662
2020-07-21 17:37:40,35254,24206,662
2020-07-21 21:54:40,35254,24206,662
2020-07-21 22:34:44,35254,24206,662
2020-07-21 23:34:45,35254,24206,662
2020-07-22 00:34:58,35254,24206,662
2020-07-22 01:35:17,35254,24206,662
2020-07-22 02:34:47,35254,24206,662
2020-07-22 03:34:44,35254,24206,662
2020-07-22 11:34:51,35693,24766,678
2020-07-22 12:34:55,35693,24766,678
2020-07-22 14:04:04,35693,24766,678
2020-07-22 14:34:50,35693,24766,678
2020-07-22 15:35:19,35693,24766,678
2020-07-22 16:35:03,35693,24766,678
2020-07-22 17:36:22,35693,24766,678
2020-07-22 18:35:51,35693,24766,678
2020-07-22 21:34:47,35693,24766,678
2020-07-22 22:35:20,35693,24766,678
2020-07-23 01:53:20,35693,24766,678
2020-07-23 02:35:02,35693,24766,678
2020-07-23 04:09:26,35693,24766,678
2020-07-23 05:15:04,35693,24766,678
2020-07-23 05:34:47,35693,24766,678
2020-07-23 09:34:56,36162,25244,688
2020-07-23 12:35:03,36162,25244,688
2020-07-23 13:35:07,36162,25244,688
2020-07-23 14:34:55,36162,25244,688
2020-07-23 15:34:54,36162,25244,688
2020-07-23 17:36:26,36162,25244,688
2020-07-23 19:04:51,36162,25244,688
2020-07-23 19:34:52,36162,25244,688
2020-07-23 21:35:00,36162,25244,688
2020-07-23 22:34:53,36162,25244,688
2020-07-23 23:35:09,36162,25244,688
2020-07-24 00:35:16,36162,25244,688
2020-07-24 01:34:55,36162,25244,688
2020-07-24 02:35:47,36162,25244,688
2020-07-24 03:34:53,36162,25244,688
2020-07-24 08:34:49,36613,25734,692
2020-07-24 09:34:49,36613,25734,692
2020-07-24 12:29:37,36613,25734,692
2020-07-24 14:48:03,36613,25734,692
2020-07-24 15:35:07,36613,25734,692
2020-07-24 16:35:03,36613,25734,692
2020-07-24 20:34:53,36613,25734,692
2020-07-24 21:41:06,36613,25734,692
2020-07-24 22:35:01,36613,25734,692
2020-07-24 23:35:02,36613,25734,692
2020-07-25 00:35:07,36613,25734,692
2020-07-25 01:34:58,36613,25734,692
2020-07-25 02:35:03,36613,25734,692
2020-07-25 03:55:53,36613,25734,692
2020-07-25 04:47:39,36613,25734,692
2020-07-25 05:36:52,36613,25734,692
2020-07-25 06:35:04,36613,25734,692
2020-07-25 07:34:50,36613,25734,692
2020-07-25 08:34:58,36996,26243,700
2020-07-25 09:34:56,36996,26243,700
2020-07-25 10:34:57,36996,26243,700
2020-07-25 11:34:56,36996,26243,700
2020-07-25 12:34:56,36996,26243,700
2020-07-25 13:53:48,36996,26243,700
2020-07-25 14:35:22,36996,26243,700
2020-07-25 15:36:38,36996,26243,700
2020-07-25 16:35:22,36996,26243,700
2020-07-25 17:34:53,36996,26243,700
2020-07-25 21:47:23,36996,26243,700
2020-07-26 13:16:54,37317,26478,705
2020-07-26 14:57:16,37317,26478,705
2020-07-26 19:34:57,37317,26478,705
2020-07-26 20:34:53,37317,26478,705
2020-07-26 21:35:16,37317,26478,705
2020-07-26 22:34:56,37317,26478,705
2020-07-26 23:34:54,37317,26478,705
2020-07-27 00:34:54,37317,26478,705
2020-07-27 01:34:58,37317,26478,705
2020-07-27 02:35:10,37317,26478,705
2020-07-27 07:34:58,37317,26478,705
2020-07-27 14:08:49,37390,26665,711
2020-07-27 17:00:23,37390,26665,711
2020-07-27 17:35:12,37390,26665,711
2020-07-27 19:19:29,37390,26665,711
2020-07-27 19:35:09,37390,26665,711
2020-07-27 20:35:00,37390,26665,711
2020-07-27 21:35:11,37390,26665,711
2020-07-27 22:35:08,37390,26665,711
2020-07-27 23:35:00,37390,26665,711
2020-07-28 01:35:11,37390,26665,711
2020-07-28 02:35:02,37390,26665,711
2020-07-28 03:35:13,37390,26665,711
2020-07-28 04:58:43,37390,26665,711
2020-07-28 05:35:03,37390,26665,711
2020-07-28 06:35:41,37390,26665,711
2020-07-28 07:35:17,37629,27357,719
2020-07-28 13:35:19,37629,27357,719
2020-07-28 14:35:19,37629,27357,719
2020-07-28 15:35:34,37629,27357,719
2020-07-28 20:34:56,37629,27357,719
2020-07-28 21:35:16,37629,27357,719
2020-07-28 22:35:12,37629,27357,719
2020-07-28 23:35:07,37629,27357,719
2020-07-29 00:35:25,37629,27357,719
2020-07-29 01:35:07,37629,27357,719
2020-07-29 02:34:58,37629,27357,719
2020-07-29 03:35:13,37629,27357,719
2020-07-29 04:35:11,37629,27357,719
2020-07-29 05:35:02,37629,27357,719
2020-07-29 06:34:58,37629,27357,719
2020-07-29 07:38:07,37937,27824,723
2020-07-29 08:35:30,37937,27824,723
2020-07-29 09:35:16,37937,27824,723
2020-07-29 10:35:03,37937,27824,723
2020-07-29 11:35:20,37937,27824,723
2020-07-29 13:10:25,37937,27824,723
2020-07-29 13:35:24,37937,27824,723
2020-07-29 14:35:31,37937,27824,723
2020-07-29 15:35:10,37937,27824,723
2020-07-29 16:44:43,37937,27824,723
2020-07-29 17:35:37,37937,27824,723
2020-07-29 18:35:04,37937,27824,723
2020-07-29 19:35:03,37937,27824,723
2020-07-29 20:35:28,37937,27824,723
2020-07-29 21:38:33,37937,27824,723
2020-07-29 23:32:13,37937,27824,723
2020-07-30 00:35:14,37937,27824,723
2020-07-30 01:35:11,37937,27824,723
2020-07-30 02:35:18,37937,27824,723
2020-07-30 03:35:26,37937,27824,723
2020-07-30 04:35:05,37937,27824,723
2020-07-30 06:34:59,37937,27824,723
2020-07-30 13:35:27,38196,28366,728
2020-07-30 18:35:27,38196,28366,728
2020-07-30 20:35:04,38196,28366,728
2020-07-30 21:35:05,38196,28366,728
2020-07-30 22:35:22,38196,28366,728
2020-07-30 23:35:01,38196,28366,728
2020-07-31 00:35:09,38196,28366,728
2020-07-31 01:35:05,38196,28366,728
2020-07-31 03:40:34,38196,28366,728
2020-07-31 05:35:26,38196,28366,728
2020-07-31 08:35:16,38550,28997,738
2020-07-31 12:35:15,38550,28997,738
2020-07-31 18:58:31,38550,28997,738
2020-07-31 20:40:02,38550,28997,738
2020-07-31 21:35:05,38550,28997,738
2020-07-31 22:35:09,38550,28997,738
2020-07-31 23:35:11,38550,28997,738
2020-08-01 00:35:02,38550,28997,738
2020-08-01 01:35:07,38550,28997,738
2020-08-01 02:35:20,38550,28997,738
2020-08-01 03:35:14,38550,28997,738
2020-08-01 08:35:02,38841,29557,749
2020-08-01 11:35:09,38841,29557,749
2020-08-01 12:35:10,38841,29557,749
2020-08-01 13:35:02,38841,29557,749
2020-08-01 14:35:04,38841,29557,749
2020-08-01 15:35:28,38841,29557,749
2020-08-01 20:02:20,38841,29557,749
2020-08-01 20:34:32,38841,29557,749
2020-08-01 21:34:36,38841,29557,749
2020-08-01 22:34:32,38841,29557,749
2020-08-01 23:34:38,38841,29557,749
2020-08-02 00:34:33,38841,29557,749
2020-08-02 01:34:36,38841,29557,749
2020-08-02 02:34:36,38841,29557,749
2020-08-02 03:34:41,38841,29557,749
2020-08-02 04:34:47,38841,29557,749
2020-08-02 07:34:38,39050,29750,754
2020-08-02 15:10:05,39050,29750,754
2020-08-02 15:34:34,39050,29750,754
2020-08-02 16:34:33,39050,29750,754
2020-08-02 17:34:34,39050,29750,754
2020-08-02 18:34:33,39050,29750,754
2020-08-02 19:34:36,39050,29750,754
2020-08-02 20:36:23,39050,29750,754
2020-08-02 21:34:39,39050,29750,754
2020-08-02 22:34:41,39050,29750,754
2020-08-02 23:34:39,39050,29750,754
2020-08-03 00:34:38,39050,29750,754
2020-08-03 01:34:38,39050,29750,754
2020-08-03 02:34:37,39050,29750,754
2020-08-03 03:34:37,39050,29750,754
2020-08-03 04:34:35,39050,29750,754
2020-08-03 08:34:38,39102,29861,762
2020-08-03 14:34:52,39102,29861,762
2020-08-03 16:08:30,39102,29861,762
2020-08-03 16:42:34,39102,29861,762
2020-08-03 20:34:49,39102,29861,762
2020-08-03 21:34:46,39102,29861,762
2020-08-03 22:34:40,39102,29861,762
2020-08-03 23:34:43,39102,29861,762
2020-08-04 00:34:40,39102,29861,762
2020-08-04 01:34:42,39102,29861,762
2020-08-04 02:35:02,39102,29861,762
2020-08-04 03:36:50,39102,29861,762
2020-08-04 04:41:59,39102,29861,762
2020-08-04 09:34:39,39298,30372,768
2020-08-04 12:34:49,39298,30372,768
2020-08-04 14:34:30,39298,30372,768
2020-08-04 15:34:45,39298,30372,768
2020-08-04 16:39:55,39298,30372,768
2020-08-04 17:34:42,39298,30372,768
2020-08-04 18:34:52,39298,30372,768
2020-08-04 20:11:27,39298,30372,768
2020-08-04 20:34:57,39298,30372,768
2020-08-04 21:34:43,39298,30372,768
2020-08-04 22:36:26,39298,30372,768
2020-08-04 23:34:40,39298,30372,768
2020-08-05 00:35:06,39298,30372,768
2020-08-05 01:34:52,39298,30372,768
2020-08-05 02:34:40,39298,30372,768
2020-08-05 03:34:37,39298,30372,768
2020-08-05 08:35:13,39586,30850,770
2020-08-05 12:34:49,39586,30850,770
2020-08-05 13:34:42,39586,30850,770
2020-08-05 14:34:52,39586,30850,770
2020-08-05 15:37:27,39586,30850,770
2020-08-05 16:36:56,39586,30850,770
2020-08-05 17:34:44,39586,30850,770
2020-08-05 18:34:49,39586,30850,770
2020-08-05 19:34:48,39586,30850,770
2020-08-05 20:35:05,39586,30850,770
2020-08-05 21:34:51,39586,30850,770
2020-08-05 22:34:50,39586,30850,770
2020-08-05 23:35:35,39586,30850,770
2020-08-06 01:37:57,39586,30850,770
2020-08-06 02:35:01,39586,30850,770
2020-08-06 03:35:06,39586,30850,770
2020-08-06 06:34:55,39586,30850,770
2020-08-06 10:34:59,39819,31556,772
2020-08-06 13:35:06,39819,31556,772
2020-08-06 16:37:35,39819,31556,772
2020-08-06 18:35:07,39819,31556,772
2020-08-06 20:35:26,39819,31556,772
2020-08-06 22:35:07,39819,31556,772
2020-08-06 23:38:48,39819,31556,772
2020-08-07 03:35:01,39819,31556,772
2020-08-07 04:35:11,39819,31556,772
2020-08-07 05:35:00,39819,31556,772
2020-08-07 06:35:04,39819,31556,772
2020-08-07 07:35:02,39985,32008,777
2020-08-07 08:34:56,39985,32008,777
2020-08-07 11:57:23,39985,32008,777
2020-08-07 12:35:11,39985,32008,777
2020-08-07 13:34:56,39985,32008,777
2020-08-07 16:33:05,39985,32008,777
2020-08-07 17:35:47,39985,32008,777
2020-08-07 18:34:54,39985,32008,777
2020-08-07 19:34:59,39985,32008,777
2020-08-07 20:35:25,39985,32008,777
2020-08-07 22:18:51,39985,32008,777
2020-08-07 22:35:01,39985,32008,777
2020-08-07 23:36:47,39985,32008,777
2020-08-08 00:34:58,39985,32008,777
2020-08-08 01:34:56,39985,32008,777
2020-08-08 03:35:04,39985,32008,777
2020-08-08 06:34:57,39985,32008,777
2020-08-08 10:34:53,40185,32395,785
2020-08-08 16:35:20,40185,32395,785
2020-08-09 04:34:54,40185,32395,785
2020-08-09 13:36:00,40410,32520,791
2020-08-10 01:34:57,40410,32520,791
2020-08-10 13:35:03,40433,32616,796
2020-08-10 14:52:26,40433,32616,796
2020-08-10 15:35:02,40433,32616,796
2020-08-10 16:34:57,40433,32616,796
2020-08-10 17:35:04,40433,32616,796
2020-08-10 19:35:12,40433,32616,796
2020-08-10 20:35:01,40433,32616,796
2020-08-10 21:34:58,40433,32616,796
2020-08-10 22:57:26,40433,32616,796
2020-08-10 23:35:06,40433,32616,796
2020-08-11 00:35:57,40433,32616,796
2020-08-11 01:34:53,40433,32616,796
2020-08-11 02:35:00,40433,32616,796
2020-08-11 03:35:01,40433,32616,796
2020-08-11 04:35:08,40433,32616,796
2020-08-11 05:35:23,40433,32616,796
2020-08-11 06:35:16,40433,32616,796
2020-08-11 11:41:39,40593,33157,803
2020-08-11 12:35:05,40593,33157,803
2020-08-11 13:35:19,40593,33157,803
2020-08-11 14:35:08,40593,33157,803
2020-08-11 19:35:13,40593,33157,803
2020-08-11 22:27:15,40593,33157,803
2020-08-12 01:27:07,40593,33157,803
2020-08-12 02:27:07,40593,33157,803
2020-08-12 03:27:15,40593,33157,803
2020-08-12 04:27:29,40593,33157,803
2020-08-12 09:27:07,40794,33492,806
2020-08-12 12:27:08,40794,33492,806
2020-08-12 13:27:18,40794,33492,806
2020-08-12 14:27:24,40794,33492,806
2020-08-12 15:27:41,40794,33492,806
2020-08-12 16:27:24,40794,33492,806
2020-08-12 17:27:42,40794,33492,806
2020-08-12 18:27:43,40794,33492,806
2020-08-12 19:27:24,40794,33492,806
2020-08-12 20:27:44,40794,33492,806
2020-08-12 21:27:28,40794,33492,806
2020-08-12 22:27:29,40794,33492,806
2020-08-12 23:27:29,40794,33492,806
2020-08-13 00:27:30,40794,33492,806
2020-08-13 01:27:44,40794,33492,806
2020-08-13 02:27:21,40794,33492,806
2020-08-13 03:27:25,40794,33492,806
2020-08-13 04:29:15,40794,33492,806
2020-08-13 08:27:21,41023,33897,809
2020-08-13 13:27:18,41023,33897,809
2020-08-13 14:27:19,41023,33897,809
2020-08-13 15:27:18,41023,33897,809
2020-08-13 16:27:18,41023,33897,809
2020-08-13 17:27:23,41023,33897,809
2020-08-13 18:27:23,41023,33897,809
2020-08-13 19:27:23,41023,33897,809
2020-08-13 20:27:23,41023,33897,809
2020-08-13 21:27:23,41023,33897,809
2020-08-13 22:27:25,41023,33897,809
2020-08-13 23:27:24,41023,33897,809
2020-08-14 00:27:25,41023,33897,809
2020-08-14 02:27:24,41023,33897,809
2020-08-14 03:27:38,41023,33897,809
2020-08-14 04:27:20,41023,33897,809
2020-08-14 05:27:20,41023,33897,809
2020-08-14 06:27:20,41023,33897,809
2020-08-14 07:27:23,41299,34164,814
2020-08-14 08:27:24,41299,34164,814
2020-08-14 15:27:26,41299,34164,814
2020-08-14 16:27:26,41299,34164,814
2020-08-14 17:27:29,41299,34164,814
2020-08-14 18:27:29,41299,34164,814
2020-08-14 22:27:31,41299,34164,814
2020-08-15 02:27:23,41299,34164,814
2020-08-15 03:27:26,41299,34164,814
2020-08-15 07:27:31,41495,34484,817
2020-08-15 09:27:30,41495,34484,817
2020-08-15 11:27:30,41495,34484,817
2020-08-15 13:27:32,41495,34484,817
2020-08-15 16:27:35,41495,34484,817
2020-08-15 21:27:28,41495,34484,817
2020-08-15 22:27:41,41495,34484,817
2020-08-16 00:27:25,41495,34484,817
2020-08-16 08:27:25,41663,34584,818
2020-08-16 16:27:30,41663,34584,818
2020-08-17 01:27:18,41663,34584,818
2020-08-17 11:27:27,41701,34655,824
2020-08-17 16:27:33,41701,34655,824
2020-08-17 17:27:38,41701,34655,824
2020-08-17 18:27:41,41701,34655,824
2020-08-17 19:27:41,41701,34655,824
2020-08-17 20:27:42,41701,34655,824
2020-08-17 21:27:56,41701,34655,824
2020-08-17 22:27:33,41701,34655,824
2020-08-17 23:27:33,41701,34655,824
2020-08-18 00:27:35,41701,34655,824
2020-08-18 01:27:51,41701,34655,824
2020-08-18 02:27:55,41701,34655,824
2020-08-18 03:27:32,41701,34655,824
2020-08-18 04:27:56,41701,34655,824
2020-08-18 05:27:39,41701,34655,824
2020-08-18 09:27:26,41846,34982,832
2020-08-18 12:27:35,41846,34982,832
2020-08-18 14:27:53,41846,34982,832
2020-08-18 16:27:57,41846,34982,832
2020-08-18 17:27:40,41846,34982,832
2020-08-18 19:27:41,41846,34982,832
2020-08-18 20:27:43,41846,34982,832
2020-08-18 21:27:42,41846,34982,832
2020-08-18 22:27:45,41846,34982,832
2020-08-18 23:27:44,41846,34982,832
2020-08-19 00:27:44,41846,34982,832
2020-08-19 01:27:44,41846,34982,832
2020-08-19 02:27:46,41846,34982,832
2020-08-19 03:27:45,41846,34982,832
2020-08-19 04:27:47,41846,34982,832
2020-08-19 13:27:46,42056,35226,833
2020-08-19 14:27:59,42056,35226,833
2020-08-19 15:27:43,42056,35226,833
2020-08-19 16:27:42,42056,35226,833
2020-08-19 17:27:43,42056,35226,833
2020-08-19 18:27:43,42056,35226,833
2020-08-19 19:27:46,42056,35226,833
2020-08-19 20:27:47,42056,35226,833
2020-08-19 21:27:47,42056,35226,833
2020-08-20 00:27:48,42056,35226,833
2020-08-20 01:28:00,42056,35226,833
2020-08-20 03:27:58,42056,35226,833
2020-08-20 04:27:43,42056,35226,833
2020-08-20 13:27:45,42319,35476,836
2020-08-20 14:28:00,42319,35476,836
2020-08-20 16:27:40,42319,35476,836
2020-08-20 17:27:41,42319,35476,836
2020-08-20 19:27:41,42319,35476,836
2020-08-20 20:27:38,42319,35476,836
2020-08-20 22:27:58,42319,35476,836
2020-08-20 23:27:44,42319,35476,836
2020-08-21 00:28:04,42319,35476,836
2020-08-21 01:27:58,42319,35476,836
2020-08-21 03:27:41,42319,35476,836
2020-08-21 05:27:39,42319,35476,836
2020-08-21 12:27:41,42477,35693,842
2020-08-21 17:27:50,42477,35693,842
2020-08-21 20:27:53,42477,35693,842
2020-08-21 21:28:07,42477,35693,842
2020-08-21 23:27:44,42477,35693,842
2020-08-22 01:28:01,42477,35693,842
2020-08-22 03:27:44,42477,35693,842
2020-08-22 04:27:49,42477,35693,842
2020-08-22 06:27:45,42477,35693,842
2020-08-22 07:27:45,42616,35907,850
2020-08-22 08:27:45,42616,35907,850
2020-08-22 09:27:59,42616,35907,850
2020-08-22 11:27:48,42616,35907,850
2020-08-22 12:27:47,42616,35907,850
2020-08-22 13:28:02,42616,35907,850
2020-08-22 15:27:44,42616,35907,850
2020-08-22 17:27:44,42616,35907,850
2020-08-22 18:27:44,42616,35907,850
2020-08-22 20:27:48,42616,35907,850
2020-08-22 21:27:49,42616,35907,850
2020-08-22 23:27:49,42616,35907,850
2020-08-23 00:27:48,42616,35907,850
2020-08-23 02:28:05,42616,35907,850
2020-08-23 03:27:48,42616,35907,850
2020-08-23 05:27:49,42616,35907,850
2020-08-23 06:27:52,42616,35907,850
2020-08-23 07:27:52,42792,35991,852
2020-08-23 09:27:53,42792,35991,852
2020-08-23 10:27:54,42792,35991,852
2020-08-23 11:27:54,42792,35991,852
2020-08-23 12:27:54,42792,35991,852
2020-08-23 14:27:54,42792,35991,852
2020-08-23 15:27:58,42792,35991,852
2020-08-23 20:27:55,42792,35991,852
2020-08-23 22:28:02,42792,35991,852
2020-08-23 23:27:59,42792,35991,852
2020-08-24 00:27:59,42792,35991,852
2020-08-24 02:27:59,42792,35991,852
2020-08-24 14:27:52,42825,36049,854
2020-08-25 13:28:03,42936,36475,858
2020-08-27 01:28:09,43067,36726,861
2020-08-27 02:28:25,43067,36726,861
2020-08-27 20:28:17,43270,36988,864
2020-08-27 21:28:16,43270,36988,864
2020-08-27 22:28:14,43270,36988,864
2020-08-27 23:28:15,43270,36988,864
2020-08-30 16:28:25,43750,37650,877
2020-08-30 20:28:40,43750,37650,877
2020-08-30 21:28:26,43750,37650,877
2020-08-30 22:28:30,43750,37650,877
2020-08-30 23:28:28,43750,37650,877
2020-08-31 00:28:28,43750,37650,877
2020-08-31 01:28:27,43750,37650,877
2020-08-31 02:28:26,43750,37650,877
2020-08-31 03:28:40,43750,37650,877
2020-08-31 04:28:27,43750,37650,877
2020-08-31 05:28:26,43750,37650,877
2020-08-31 06:28:27,43750,37650,877
2020-08-31 07:28:28,43781,37722,879
2020-08-31 08:28:26,43781,37722,879
2020-08-31 10:28:28,43781,37722,879
2020-08-31 11:28:29,43781,37722,879
2020-08-31 12:28:27,43781,37722,879
2020-08-31 13:28:26,43781,37722,879
2020-08-31 14:28:28,43781,37722,879
2020-08-31 15:28:27,43781,37722,879
2020-08-31 16:28:30,43781,37722,879
2020-08-31 17:28:33,43781,37722,879
2020-08-31 18:28:30,43781,37722,879
2020-08-31 19:28:30,43781,37722,879
2020-08-31 20:28:33,43781,37722,879
2020-08-31 23:28:31,43781,37722,879
2020-09-01 00:28:31,43781,37722,879
2020-09-01 01:28:35,43781,37722,879
2020-09-01 02:28:30,43781,37722,879
2020-09-01 03:28:45,43781,37722,879
2020-09-01 04:28:31,43781,37722,879
2020-09-01 05:28:28,43781,37722,879
2020-09-01 06:28:29,43781,37722,879
2020-09-01 14:28:30,43878,38356,881
2020-09-01 15:28:30,43878,38356,881
2020-09-01 16:28:30,43878,38356,881
2020-09-01 17:28:36,43878,38356,881
2020-09-01 18:28:37,43878,38356,881
2020-09-01 19:28:32,43878,38356,881
2020-09-01 20:28:26,43878,38356,881
2020-09-01 21:28:30,43878,38356,881
2020-09-01 22:29:02,43878,38356,881
2020-09-01 23:28:30,43878,38356,881
2020-09-02 00:28:39,43878,38356,881
2020-09-02 01:28:39,43878,38356,881
2020-09-02 02:28:41,43878,38356,881
2020-09-02 03:28:51,43878,38356,881
2020-09-02 04:28:25,43878,38356,881
2020-09-02 05:28:26,43878,38356,881
2020-09-02 06:28:27,43878,38356,881
2020-09-02 07:28:27,44075,38631,884
2020-09-02 08:28:25,44075,38631,884
2020-09-02 09:28:27,44075,38631,884
2020-09-02 10:28:29,44075,38631,884
2020-09-02 11:28:27,44075,38631,884
2020-09-02 12:28:28,44075,38631,884
2020-09-02 13:28:24,44075,38631,884
2020-09-02 14:28:26,44075,38631,884
2020-09-02 15:28:19,44075,38631,884
2020-09-02 16:28:34,44075,38631,884
2020-09-02 17:28:20,44075,38631,884
2020-09-02 18:28:36,44075,38631,884
2020-09-02 19:28:23,44075,38631,884
2020-09-02 20:28:36,44075,38631,884
2020-09-02 21:28:20,44075,38631,884
2020-09-02 22:28:22,44075,38631,884
2020-09-02 23:28:22,44075,38631,884
2020-09-03 00:28:25,44075,38631,884
2020-09-03 01:28:23,44075,38631,884
2020-09-03 02:28:39,44075,38631,884
2020-09-03 03:28:18,44075,38631,884
2020-09-03 04:28:22,44075,38631,884
2020-09-03 05:28:20,44075,38631,884
2020-09-03 14:28:23,44271,38855,887
2020-09-03 15:28:37,44271,38855,887
2020-09-03 17:28:32,44271,38855,887
2020-09-03 18:28:12,44271,38855,887
2020-09-03 21:28:14,44271,38855,887
2020-09-03 22:28:36,44271,38855,887
2020-09-03 23:28:20,44271,38855,887
2020-09-04 00:28:22,44271,38855,887
2020-09-04 01:28:19,44271,38855,887
2020-09-04 02:28:21,44271,38855,887
2020-09-04 03:28:33,44271,38855,887
2020-09-04 04:28:26,44271,38855,887
2020-09-04 05:28:20,44271,38855,887
2020-09-04 06:28:27,44271,38855,887
2020-09-04 07:28:27,44461,39257,891
2020-09-04 08:28:40,44461,39257,891
2020-09-04 09:28:25,44461,39257,891
2020-09-04 10:28:22,44461,39257,891
2020-09-04 11:28:26,44461,39257,891
2020-09-04 12:28:24,44461,39257,891
2020-09-04 13:28:24,44461,39257,891
2020-09-04 14:28:21,44461,39257,891
2020-09-04 15:28:21,44461,39257,891
2020-09-04 16:28:31,44461,39257,891
2020-09-04 17:28:39,44461,39257,891
2020-09-04 18:28:30,44461,39257,891
2020-09-04 19:28:23,44461,39257,891
2020-09-04 20:28:28,44461,39257,891
2020-09-04 21:28:20,44461,39257,891
2020-09-04 22:28:25,44461,39257,891
2020-09-04 23:28:34,44461,39257,891
2020-09-05 00:28:13,44461,39257,891
2020-09-05 01:28:16,44461,39257,891
2020-09-05 02:28:14,44461,39257,891
2020-09-05 03:28:15,44461,39257,891
2020-09-05 04:28:19,44461,39257,891
2020-09-05 05:28:25,44461,39257,891
2020-09-05 06:28:28,44461,39257,891
2020-09-05 07:28:36,44649,39823,895
2020-09-05 08:28:29,44649,39823,895
2020-09-05 09:28:32,44649,39823,895
2020-09-05 10:28:30,44649,39823,895
2020-09-05 11:28:29,44649,39823,895
2020-09-05 12:28:30,44649,39823,895
2020-09-05 13:28:48,44649,39823,895
2020-09-05 14:28:24,44649,39823,895
2020-09-05 15:28:25,44649,39823,895
2020-09-05 16:28:46,44649,39823,895
2020-09-05 17:28:39,44649,39823,895
2020-09-05 18:28:30,44649,39823,895
2020-09-05 19:28:30,44649,39823,895
2020-09-05 20:28:29,44649,39823,895
2020-09-05 21:28:27,44649,39823,895
2020-09-05 22:28:29,44649,39823,895
2020-09-05 23:28:28,44649,39823,895
2020-09-06 00:28:28,44649,39823,895
2020-09-06 01:28:26,44649,39823,895
2020-09-06 02:28:40,44649,39823,895
2020-09-06 03:28:25,44649,39823,895
2020-09-06 04:28:33,44649,39823,895
2020-09-06 05:28:30,44649,39823,895
2020-09-06 06:28:31,44649,39823,895
2020-09-06 07:28:32,44783,40089,897
2020-09-06 08:28:45,44783,40089,897
2020-09-06 09:28:28,44783,40089,897
2020-09-06 11:28:23,44783,40089,897
2020-09-06 12:28:28,44783,40089,897
2020-09-06 13:28:19,44783,40089,897
2020-09-06 14:28:20,44783,40089,897
2020-09-06 15:28:20,44783,40089,897
2020-09-06 16:28:25,44783,40089,897
2020-09-06 17:28:25,44783,40089,897
2020-09-06 18:28:24,44783,40089,897
2020-09-06 20:28:46,44783,40089,897
2020-09-06 21:28:29,44783,40089,897
2020-09-06 23:28:29,44783,40089,897
2020-09-07 00:28:30,44783,40089,897
2020-09-07 01:28:32,44783,40089,897
2020-09-07 02:28:40,44783,40089,897
2020-09-07 03:28:48,44783,40089,897
2020-09-07 13:28:27,44845,40121,900
2020-09-07 15:28:29,44845,40121,900
2020-09-07 17:28:34,44845,40121,900
2020-09-07 19:28:36,44845,40121,900
2020-09-07 20:28:40,44845,40121,900
2020-09-07 22:28:40,44845,40121,900
2020-09-07 23:28:51,44845,40121,900
2020-09-08 01:28:44,44845,40121,900
2020-09-08 08:28:20,44845,40121,900
2020-09-08 09:28:23,44845,40121,900
2020-09-08 11:28:23,44953,40592,903
2020-09-08 14:28:22,44953,40592,903
2020-09-08 15:28:24,44953,40592,903
2020-09-08 16:28:37,44953,40592,903
2020-09-08 17:28:47,44953,40592,903
2020-09-08 18:28:58,44953,40592,903
2020-09-08 20:28:35,44953,40592,903
2020-09-08 21:28:41,44953,40592,903
2020-09-08 22:28:41,44953,40592,903
2020-09-09 11:28:52,45152,41023,905
2020-09-09 13:28:54,45152,41023,905
2020-09-09 15:29:07,45152,41023,905
2020-09-09 20:28:47,45152,41023,905
2020-09-09 21:28:56,45152,41023,905
2020-09-09 22:29:00,45152,41023,905
2020-09-09 23:29:00,45152,41023,905
2020-09-10 00:28:57,45152,41023,905
2020-09-10 01:28:58,45152,41023,905
2020-09-10 03:29:09,45152,41023,905
2020-09-10 05:29:00,45152,41023,905
2020-09-10 07:28:58,45326,41233,906
2020-09-10 08:29:00,45326,41233,906
2020-09-10 09:28:58,45326,41233,906
2020-09-10 10:28:57,45326,41233,906
2020-09-10 11:28:55,45326,41233,906
2020-09-10 13:28:48,45326,41233,906
2020-09-10 15:28:50,45326,41233,906
2020-09-10 16:28:50,45326,41233,906
2020-09-10 17:28:49,45326,41233,906
2020-09-10 19:28:45,45326,41233,906
2020-09-10 20:28:49,45326,41233,906
2020-09-10 22:28:46,45326,41233,906
2020-09-11 00:28:40,45326,41233,906
2020-09-11 02:28:54,45326,41233,906
2020-09-11 12:28:38,45503,41434,909
2020-09-11 14:28:42,45503,41434,909
2020-09-11 16:28:27,45503,41434,909
2020-09-11 18:28:35,45503,41434,909
2020-09-12 13:26:07,45675,41605,911
2020-09-12 14:25:51,45675,41605,911
2020-09-12 16:25:55,45675,41605,911
2020-09-12 18:26:00,45675,41605,911
2020-09-12 20:26:26,45675,41605,911
2020-09-12 21:27:00,45675,41605,911
2020-09-12 22:26:38,45675,41605,911
2020-09-12 23:26:14,45675,41605,911
2020-09-13 00:26:18,45675,41605,911
2020-09-13 01:25:58,45675,41605,911
2020-09-13 02:25:56,45675,41605,911
2020-09-13 03:27:00,45675,41605,911
2020-09-13 04:30:52,45675,41605,911
2020-09-13 07:26:00,45862,41659,916
2020-09-13 08:26:13,45862,41659,916
2020-09-13 10:26:02,45862,41659,916
2020-09-13 11:26:05,45862,41659,916
2020-09-13 14:25:55,45862,41659,916
2020-09-13 15:26:06,45862,41659,916
2020-09-13 16:26:00,45862,41659,916
2020-09-13 18:26:07,45862,41659,916
2020-09-13 19:25:58,45862,41659,916
2020-09-13 21:25:57,45862,41659,916
2020-09-13 22:26:13,45862,41659,916
2020-09-14 00:26:13,45862,41659,916
2020-09-14 02:26:10,45862,41659,916
2020-09-14 04:26:09,45862,41659,916
2020-09-14 05:26:06,45862,41659,916
2020-09-14 06:26:39,45862,41659,916
2020-09-14 07:26:10,45969,41693,919
2020-09-14 10:26:01,45969,41693,919
2020-09-14 11:26:04,45969,41693,919
2020-09-14 12:26:21,45969,41693,919
2020-09-14 15:26:08,45969,41693,919
2020-09-14 16:26:26,45969,41693,919
2020-09-14 18:26:19,45969,41693,919
2020-09-14 19:26:25,45969,41693,919
2020-09-14 20:28:17,45969,41693,919
2020-09-14 22:23:15,45969,41693,919
2020-09-15 00:23:24,45969,41693,919
2020-09-15 02:22:50,45969,41693,919
2020-09-15 03:22:50,45969,41693,919
2020-09-15 05:22:50,45969,41693,919
2020-09-15 06:22:51,45969,41693,919
2020-09-15 08:22:49,46119,41941,920
2020-09-15 11:22:52,46119,41941,920
2020-09-15 12:22:54,46119,41941,920
2020-09-15 13:22:55,46119,41941,920
2020-09-15 16:23:14,46119,41941,920
2020-09-15 19:22:55,46119,41941,920
2020-09-15 21:23:07,46119,41941,920
2020-09-15 23:22:53,46119,41941,920
2020-09-16 00:22:56,46119,41941,920
2020-09-16 03:22:51,46119,41941,920
2020-09-16 04:22:53,46119,41941,920
2020-09-16 05:22:55,46119,41941,920
2020-09-16 12:22:50,46376,42069,923
2020-09-16 15:23:09,46376,42069,923
2020-09-16 16:22:56,46376,42069,923
2020-09-16 18:22:49,46376,42069,923
2020-09-16 19:22:49,46376,42069,923
2020-09-17 07:22:54,46671,42231,925
2020-09-17 14:22:55,46671,42231,925
2020-09-17 17:22:53,46671,42231,925
2020-09-17 18:22:41,46671,42231,925
2020-09-17 20:22:58,46671,42231,925
2020-09-17 21:23:06,46671,42231,925
2020-09-17 23:22:51,46671,42231,925
2020-09-18 00:23:09,46671,42231,925
2020-09-18 02:22:52,46671,42231,925
2020-09-18 03:23:07,46671,42231,925
2020-09-18 04:22:50,46671,42231,925
2020-09-18 05:22:51,46671,42231,925
2020-09-18 08:22:50,46910,42369,926
2020-09-18 09:22:55,46910,42369,926
2020-09-18 10:22:53,46910,42369,926
2020-09-18 11:22:50,46910,42369,926
2020-09-18 12:22:52,46910,42369,926
2020-09-18 13:22:49,46910,42369,926
2020-09-18 15:22:59,46910,42369,926
2020-09-18 16:22:57,46910,42369,926
2020-09-18 17:23:04,46910,42369,926
2020-09-18 18:22:41,46910,42369,926
2020-09-18 19:22:55,46910,42369,926
2020-09-18 21:22:55,46910,42369,926
2020-09-19 14:22:56,47154,42551,928
2020-09-20 14:23:07,47431,42608,930
2020-09-20 16:23:10,47431,42608,930
2020-09-20 17:23:12,47431,42608,930
2020-09-20 19:22:55,47431,42608,930
2020-09-20 20:22:56,47431,42608,930
2020-09-20 23:23:00,47431,42608,930
2020-09-21 01:23:01,47431,42608,930
2020-09-21 02:23:12,47431,42608,930
2020-09-21 04:23:18,47431,42608,930
2020-09-21 06:23:04,47431,42608,930
2020-09-21 08:23:00,47552,42637,936
2020-09-21 09:22:59,47552,42637,936
2020-09-21 10:23:00,47552,42637,936
2020-09-21 12:23:04,47552,42637,936
2020-09-21 13:23:00,47552,42637,936
2020-09-21 15:23:05,47552,42637,936
2020-09-21 16:23:05,47552,42637,936
2020-09-21 17:23:07,47552,42637,936
2020-09-21 19:23:05,47552,42637,936
2020-09-21 21:23:32,47552,42637,936
2020-09-21 23:23:18,47552,42637,936
2020-09-22 00:23:20,47552,42637,936
2020-09-22 01:23:17,47552,42637,936
2020-09-22 02:27:43,47552,42637,936
2020-09-22 13:23:17,47667,42676,938
2020-09-22 14:23:37,47667,42676,938
2020-09-22 16:23:39,47667,42676,938
2020-09-22 17:23:24,47667,42676,938
2020-09-22 19:23:25,47667,42676,938
2020-09-22 21:23:26,47667,42676,938
2020-09-22 22:23:27,47667,42676,938
2020-09-22 23:23:31,47667,42676,938
2020-09-23 00:23:33,47667,42676,938
2020-09-23 12:23:31,47877,43026,942
2020-09-23 19:23:53,47877,43026,942
2020-09-23 20:23:43,47877,43026,942
2020-09-23 21:23:54,47877,43026,942
2020-09-23 23:23:49,47877,43026,942
2020-09-24 01:23:38,47877,43026,942
2020-09-24 11:23:40,48251,43266,945
2020-09-24 13:23:42,48251,43266,945
2020-09-24 14:23:43,48251,43266,945
2020-09-24 16:23:43,48251,43266,945
2020-09-24 17:23:45,48251,43266,945
2020-09-24 18:23:46,48251,43266,945
2020-09-24 19:23:41,48251,43266,945
2020-09-24 23:23:38,48251,43266,945
2020-09-25 00:23:21,48251,43266,945
2020-09-25 01:23:21,48251,43266,945
2020-09-25 02:23:18,48251,43266,945
2020-09-25 03:23:19,48251,43266,945
2020-09-25 11:23:20,48643,43401,947
2020-09-25 13:24:04,48643,43401,947
2020-09-25 16:23:08,48643,43401,947
2020-09-25 18:23:12,48643,43401,947
2020-09-25 20:23:16,48643,43401,947
2020-09-25 21:23:17,48643,43401,947
2020-09-25 22:23:16,48643,43401,947
2020-09-26 00:23:53,48643,43401,947
2020-09-26 02:23:55,48643,43401,947
2020-09-26 13:23:42,49072,43576,948
2020-09-26 19:23:30,49072,43576,948
2020-09-26 20:23:18,49072,43576,948
2020-09-27 15:23:41,49400,43613,951
2020-09-27 17:23:26,49400,43613,951
2020-09-28 12:23:23,49574,43665,957
2020-09-28 14:23:55,49574,43665,957
2020-09-28 16:23:43,49574,43665,957
2020-09-28 17:23:46,49574,43665,957
2020-09-28 19:23:22,49574,43665,957
2020-09-28 20:23:27,49574,43665,957
2020-09-28 21:23:58,49574,43665,957
2020-09-29 03:23:58,49574,43665,957
2020-09-29 04:23:42,49574,43665,957
2020-09-29 12:23:33,49901,43849,958
2020-09-29 16:23:36,49901,43849,958
2020-09-29 17:23:25,49901,43849,958
2020-09-29 19:23:24,49901,43849,958
2020-09-29 21:23:25,49901,43849,958
2020-09-30 00:23:25,49901,43849,958
2020-09-30 06:25:36,49901,43849,958
2020-09-30 14:23:25,50359,44001,959
2020-09-30 16:23:27,50359,44001,959
2020-09-30 17:23:28,50359,44001,959
2020-09-30 19:23:37,50359,44001,959
2020-09-30 20:23:33,50359,44001,959
2020-09-30 21:23:37,50359,44001,959
2020-09-30 23:23:38,50359,44001,959
2020-10-01 02:23:36,50359,44001,959
2020-10-01 03:23:35,50359,44001,959
2020-10-01 04:23:42,50359,44001,959
2020-10-01 13:23:39,50850,44219,963
2020-10-01 14:23:39,50850,44219,963
2020-10-01 18:23:31,50850,44219,963
2020-10-01 19:23:33,50850,44219,963
2020-10-01 20:23:39,50850,44219,963
2020-10-01 22:23:47,50850,44219,963
2020-10-01 23:23:41,50850,44219,963
2020-10-02 00:23:41,50850,44219,963
2020-10-02 01:23:43,50850,44219,963
2020-10-02 03:23:42,50850,44219,963
2020-10-02 04:23:51,50850,44219,963
2020-10-02 14:23:26,51382,44406,966
2020-10-02 15:23:26,51382,44406,966
2020-10-02 16:23:25,51382,44406,966
2020-10-02 18:23:50,51382,44406,966
2020-10-02 23:23:30,51382,44406,966
2020-10-03 00:23:38,51382,44406,966
2020-10-03 01:23:36,51382,44406,966
2020-10-03 02:23:36,51382,44406,966
2020-10-03 14:23:42,51925,44583,972
2020-10-03 16:23:41,51925,44583,972
2020-10-03 18:23:39,51925,44583,972
2020-10-03 19:23:36,51925,44583,972
2020-10-03 20:23:38,51925,44583,972
2020-10-03 21:23:38,51925,44583,972
2020-10-03 22:23:41,51925,44583,972
2020-10-04 00:23:39,51925,44583,972
2020-10-04 04:23:44,51925,44583,972
2020-10-04 20:23:43,52496,44672,977
2020-10-06 02:23:36,52677,44710,984
2020-10-06 03:23:39,52677,44710,984
2020-10-06 12:23:35,53083,44932,990
2020-10-06 13:23:38,53083,44932,990
2020-10-06 14:23:35,53083,44932,990
2020-10-06 15:23:37,53083,44932,990
2020-10-06 16:23:44,53083,44932,990
2020-10-06 18:23:36,53083,44932,990
2020-10-06 20:23:32,53083,44932,990
2020-10-06 21:23:44,53083,44932,990
2020-10-06 22:23:34,53083,44932,990
2020-10-07 01:23:35,53083,44932,990
2020-10-07 02:23:36,53083,44932,990
2020-10-07 03:23:45,53083,44932,990
2020-10-07 04:23:40,53083,44932,990
2020-10-07 14:23:55,53755,45110,995
2020-10-07 15:23:43,53755,45110,995
2020-10-07 16:23:37,53755,45110,995
2020-10-07 20:23:37,53755,45110,995
2020-10-07 21:23:38,53755,45110,995
2020-10-07 22:23:51,53755,45110,995
2020-10-08 13:23:43,54473,45312,1004
2020-10-09 09:23:33,55087,45528,1010
2020-10-09 13:23:35,55087,45528,1010
2020-10-09 14:23:32,55087,45528,1010
2020-10-09 15:23:34,55087,45528,1010
2020-10-09 17:23:33,55087,45528,1010
2020-10-09 18:23:37,55087,45528,1010
2020-10-09 20:24:00,55087,45528,1010
2020-10-10 00:23:39,55087,45528,1010
2020-10-10 02:23:52,55087,45528,1010
2020-10-10 13:23:50,55736,45771,1016
2020-10-10 14:23:50,55736,45771,1016
2020-10-10 15:23:48,55736,45771,1016
2020-10-10 16:23:47,55736,45771,1016
2020-10-10 18:23:49,55736,45771,1016
2020-10-10 19:23:51,55736,45771,1016
2020-10-10 20:23:48,55736,45771,1016
2020-10-10 23:23:49,55736,45771,1016
2020-10-11 10:23:45,56451,45824,1020
2020-10-11 14:23:42,56451,45824,1020
2020-10-11 15:23:43,56451,45824,1020
2020-10-11 16:23:42,56451,45824,1020
2020-10-11 18:23:43,56451,45824,1020
2020-10-11 19:23:53,56451,45824,1020
2020-10-11 20:24:06,56451,45824,1020
2020-10-11 21:23:46,56451,45824,1020
2020-10-11 22:23:47,56451,45824,1020
2020-10-12 07:23:49,56821,45891,1026
2020-10-12 14:23:49,56821,45891,1026
2020-10-12 15:23:57,56821,45891,1026
2020-10-12 17:23:59,56821,45891,1026
2020-10-12 18:24:00,56821,45891,1026
2020-10-12 22:24:14,56821,45891,1026
2020-10-12 23:24:10,56821,45891,1026
2020-10-13 00:24:10,56821,45891,1026
2020-10-13 01:24:22,56821,45891,1026
2020-10-13 02:25:45,56821,45891,1026
2020-10-13 03:24:23,56821,45891,1026
2020-10-13 04:24:02,56821,45891,1026
2020-10-13 16:24:04,57566,46318,1032
2020-10-13 17:24:09,57566,46318,1032
2020-10-13 19:24:04,57566,46318,1032
2020-10-13 21:24:28,57566,46318,1032
2020-10-13 22:24:12,57566,46318,1032
2020-10-14 13:24:02,58624,46713,1039
2020-10-14 14:24:04,58624,46713,1039
2020-10-14 15:24:05,58624,46713,1039
2020-10-14 17:24:00,58624,46713,1039
2020-10-14 18:24:22,58624,46713,1039
2020-10-14 19:24:22,58624,46713,1039
2020-10-14 20:24:16,58624,46713,1039
2020-10-14 22:24:20,58624,46713,1039
2020-10-15 00:24:30,58624,46713,1039
2020-10-15 01:24:15,58624,46713,1039
2020-10-15 14:24:06,59995,47119,1046
2020-10-15 16:24:02,59995,47119,1046
2020-10-15 17:24:03,59995,47119,1046
2020-10-15 18:24:07,59995,47119,1046
2020-10-15 21:24:46,59995,47119,1046
2020-10-15 22:24:49,59995,47119,1046
2020-10-15 23:24:19,59995,47119,1046
2020-10-16 01:24:53,59995,47119,1046
2020-10-16 10:23:50,61460,47541,1056
2020-10-16 12:24:01,61460,47541,1056
2020-10-16 13:23:55,61460,47541,1056
2020-10-16 14:24:05,61460,47541,1056
2020-10-16 15:23:53,61460,47541,1056
2020-10-16 16:24:04,61460,47541,1056
2020-10-16 17:24:24,61460,47541,1056
2020-10-16 18:24:03,61460,47541,1056
2020-10-16 19:24:01,61460,47541,1056
2020-10-17 15:24:04,63000,47925,1067
2020-10-17 16:24:12,63000,47925,1067
2020-10-18 03:24:16,63000,47925,1067
2020-10-18 12:24:07,64694,48104,1081
2020-10-18 14:24:40,64694,48104,1081
2020-10-18 15:24:46,64694,48104,1081
2020-10-18 16:24:22,64694,48104,1081
2020-10-18 18:24:32,64694,48104,1081
2020-10-18 19:24:53,64694,48104,1081
2020-10-18 21:24:30,64694,48104,1081
2020-10-18 22:24:48,64694,48104,1081
2020-10-18 23:24:33,64694,48104,1081
2020-10-19 00:24:33,64694,48104,1081
2020-10-19 01:24:36,64694,48104,1081
2020-10-19 02:24:52,64694,48104,1081
2020-10-19 12:24:27,65460,48208,1091
2020-10-19 13:24:15,65460,48208,1091
2020-10-19 14:24:22,65460,48208,1091
2020-10-19 15:24:31,65460,48208,1091
2020-10-19 16:24:06,65460,48208,1091
2020-10-19 18:24:26,65460,48208,1091
2020-10-19 19:24:23,65460,48208,1091
2020-10-19 20:25:06,65460,48208,1091
2020-10-19 22:24:08,65460,48208,1091
2020-10-19 23:24:08,65460,48208,1091
2020-10-20 00:24:22,65460,48208,1091
2020-10-20 01:24:20,65460,48208,1091
2020-10-20 02:24:06,65460,48208,1091
2020-10-20 03:24:12,65460,48208,1091
2020-10-20 04:24:22,65460,48208,1091
2020-10-20 05:24:22,65460,48208,1091
2020-10-20 09:24:10,66694,48734,1101
2020-10-20 13:24:08,66694,48734,1101
2020-10-20 14:24:11,66694,48734,1101
2020-10-20 15:24:09,66694,48734,1101
2020-10-20 17:24:13,66694,48734,1101
2020-10-20 18:24:11,66694,48734,1101
2020-10-20 20:24:02,66694,48734,1101
2020-10-20 22:24:01,66694,48734,1101
2020-10-21 00:24:16,66694,48734,1101
2020-10-21 01:24:25,66694,48734,1101
2020-10-21 01:50:30,66694,48734,1101
2020-10-21 03:24:28,66694,48734,1101
2020-10-21 04:24:14,66694,48734,1101
2020-10-21 06:24:14,66694,48734,1101
2020-10-21 07:24:12,68530,49219,1121
2020-10-21 08:24:16,68530,49219,1121
2020-10-21 09:24:14,68530,49219,1121
2020-10-21 11:24:13,68530,49219,1121
2020-10-21 13:24:19,68530,49219,1121
2020-10-21 14:24:15,68530,49219,1121
2020-10-21 15:24:18,68530,49219,1121
2020-10-21 16:24:17,68530,49219,1121
2020-10-21 17:24:28,68530,49219,1121
2020-10-21 18:24:04,68530,49219,1121
2020-10-21 20:24:08,68530,49219,1121
2020-10-21 21:24:12,68530,49219,1121
2020-10-21 22:24:11,68530,49219,1121
2020-10-22 00:24:19,68530,49219,1121
2020-10-22 02:24:33,68530,49219,1121
2020-10-22 03:24:35,68530,49219,1121
2020-10-22 04:24:27,68530,49219,1121
2020-10-22 05:24:26,68530,49219,1121
2020-10-22 07:24:25,70836,49787,1131
2020-10-22 10:24:28,70836,49787,1131
2020-10-22 11:24:24,70836,49787,1131
2020-10-22 12:24:22,70836,49787,1131
2020-10-22 13:24:23,70836,49787,1131
2020-10-22 15:24:20,70836,49787,1131
2020-10-22 16:24:31,70836,49787,1131
2020-10-22 18:24:13,70836,49787,1131
2020-10-22 19:24:19,70836,49787,1131
2020-10-22 20:24:15,70836,49787,1131
2020-10-22 21:24:41,70836,49787,1131
2020-10-22 22:24:21,70836,49787,1131
2020-10-23 00:24:29,70836,49787,1131
2020-10-23 01:24:20,70836,49787,1131
2020-10-23 02:24:37,70836,49787,1131
2020-10-23 03:24:29,70836,49787,1131
2020-10-23 05:24:23,70836,49787,1131
2020-10-23 07:24:40,73310,50276,1145
2020-10-23 08:24:35,73310,50276,1145
2020-10-23 09:24:33,73310,50276,1145
2020-10-23 11:24:41,73310,50276,1145
2020-10-23 13:24:32,73310,50276,1145
2020-10-23 15:24:24,73310,50276,1145
2020-10-23 16:24:31,73310,50276,1145
2020-10-23 18:24:25,73310,50276,1145
2020-10-23 19:24:22,73310,50276,1145
2020-10-23 22:24:36,73310,50276,1145
2020-10-23 23:24:23,73310,50276,1145
2020-10-24 00:24:27,73310,50276,1145
2020-10-24 01:24:32,73310,50276,1145
2020-10-24 03:24:26,73310,50276,1145
2020-10-24 14:24:29,75523,50701,1157
2020-10-24 16:24:30,75523,50701,1157
2020-10-24 18:24:25,75523,50701,1157
2020-10-24 19:24:18,75523,50701,1157
2020-10-24 21:24:18,75523,50701,1157
2020-10-24 22:24:25,75523,50701,1157
2020-10-25 01:24:25,75523,50701,1157
2020-10-25 13:24:33,77837,50908,1180
2020-10-25 15:24:29,77837,50908,1180
2020-10-25 16:24:25,77837,50908,1180
2020-10-25 17:24:32,77837,50908,1180
2020-10-25 18:24:36,77837,50908,1180
2020-10-26 00:24:54,77837,50908,1180
2020-10-26 01:24:33,77837,50908,1180
2020-10-26 02:24:59,77837,50908,1180
2020-10-26 16:24:37,78810,51162,1196
2020-10-26 17:24:46,78810,51162,1196
2020-10-26 19:25:06,78810,51162,1196
2020-10-26 21:24:38,78810,51162,1196
2020-10-26 23:24:40,78810,51162,1196
2020-10-27 02:24:40,78810,51162,1196
2020-10-27 12:24:40,80410,51814,1222
2020-10-27 13:24:37,80410,51814,1222
2020-10-27 14:24:37,80410,51814,1222
2020-10-27 16:24:38,80410,51814,1222
2020-10-27 20:24:39,80410,51814,1222
2020-10-27 21:24:45,80410,51814,1222
2020-10-27 23:24:29,80410,51814,1222
2020-10-28 00:24:37,80410,51814,1222
2020-10-28 01:24:31,80410,51814,1222
2020-10-28 02:24:51,80410,51814,1222
2020-10-28 03:24:34,80410,51814,1222
2020-10-28 05:24:37,80410,51814,1222
2020-10-28 06:24:41,80410,51814,1222
2020-10-28 13:24:47,82651,52508,1243
2020-10-28 14:24:38,82651,52508,1243
2020-10-28 15:24:39,82651,52508,1243
2020-10-28 16:24:41,82651,52508,1243
2020-10-28 18:25:06,82651,52508,1243
2020-10-28 19:25:01,82651,52508,1243
2020-10-28 21:25:26,82651,52508,1243
2020-10-28 22:25:10,82651,52508,1243
2020-10-28 23:24:49,82651,52508,1243
2020-10-29 00:24:55,82651,52508,1243
2020-10-29 02:24:42,82651,52508,1243
2020-10-29 03:24:53,82651,52508,1243
2020-10-29 04:24:49,82651,52508,1243
2020-10-29 08:24:38,85034,53257,1272
2020-10-29 13:24:50,85034,53257,1272
2020-10-29 14:24:54,85034,53257,1272
2020-10-29 15:24:42,85034,53257,1272
2020-10-29 16:24:34,85034,53257,1272
2020-10-29 17:24:47,85034,53257,1272
2020-10-29 19:24:46,85034,53257,1272
2020-10-29 20:24:50,85034,53257,1272
2020-10-29 22:24:47,85034,53257,1272
2020-10-29 23:25:06,85034,53257,1272
2020-10-30 00:24:47,85034,53257,1272
2020-10-30 01:24:47,85034,53257,1272
2020-10-30 02:24:45,85034,53257,1272
2020-10-30 03:24:47,85034,53257,1272
2020-10-30 13:24:44,87432,54316,1300
2020-10-30 15:24:49,87432,54316,1300
2020-10-30 16:24:50,87432,54316,1300
2020-10-30 18:24:43,87432,54316,1300
2020-10-30 19:24:40,87432,54316,1300
2020-10-30 20:24:46,87432,54316,1300
2020-10-30 22:24:51,87432,54316,1300
2020-10-31 01:24:53,87432,54316,1300
2020-10-31 11:24:45,89813,55317,1341
2020-10-31 15:24:44,89813,55317,1341
2020-10-31 16:24:43,89813,55317,1341
2020-10-31 17:24:50,89813,55317,1341
2020-10-31 18:25:05,89813,55317,1341
2020-10-31 22:24:41,89813,55317,1341
2020-11-01 01:24:43,89813,55317,1341
2020-11-01 02:24:45,89813,55317,1341
2020-11-01 03:25:04,89813,55317,1341
2020-11-01 05:24:50,89813,55317,1341
2020-11-01 06:24:45,89813,55317,1341
2020-11-01 08:24:48,92254,55827,1363
2020-11-01 09:24:45,92254,55827,1363
2020-11-01 10:24:39,92254,55827,1363
2020-11-01 11:24:47,92254,55827,1363
2020-11-01 12:24:43,92254,55827,1363
2020-11-01 13:24:40,92254,55827,1363
2020-11-01 14:24:38,92254,55827,1363
2020-11-01 16:24:53,92254,55827,1363
2020-11-01 17:24:45,92254,55827,1363
2020-11-01 18:24:53,92254,55827,1363
2020-11-01 20:24:48,92254,55827,1363
2020-11-01 21:24:47,92254,55827,1363
2020-11-01 22:24:45,92254,55827,1363
2020-11-02 01:24:46,92254,55827,1363
2020-11-02 03:24:47,92254,55827,1363
2020-11-02 07:24:53,93448,56466,1391
2020-11-02 12:24:52,93448,56466,1391
2020-11-02 14:24:47,93448,56466,1391
2020-11-02 17:24:35,93448,56466,1391
2020-11-02 18:24:41,93448,56466,1391
2020-11-02 20:24:51,93448,56466,1391
2020-11-02 21:24:51,93448,56466,1391
2020-11-03 06:24:58,93448,56466,1391
2020-11-03 07:24:57,94776,57599,1413
2020-11-03 09:25:01,94776,57599,1413
2020-11-03 10:24:51,94776,57599,1413
2020-11-03 11:25:01,94776,57599,1413
2020-11-03 13:24:59,94776,57599,1413
2020-11-03 14:25:03,94776,57599,1413
2020-11-03 15:24:53,94776,57599,1413
2020-11-03 16:25:04,94776,57599,1413
2020-11-03 18:25:00,94776,57599,1413
2020-11-03 19:25:11,94776,57599,1413
2020-11-03 20:25:06,94776,57599,1413
2020-11-03 22:25:04,94776,57599,1413
2020-11-04 00:25:01,94776,57599,1413
2020-11-04 03:24:58,94776,57599,1413
2020-11-04 05:25:09,94776,57599,1413
2020-11-04 06:24:53,94776,57599,1413
2020-11-04 07:24:54,97150,58811,1448
2020-11-04 08:25:01,97150,58811,1448
2020-11-04 10:24:53,97150,58811,1448
2020-11-04 11:24:50,97150,58811,1448
2020-11-04 12:24:48,97150,58811,1448
2020-11-04 13:25:02,97150,58811,1448
2020-11-04 14:24:48,97150,58811,1448
2020-11-04 15:24:53,97150,58811,1448
2020-11-04 16:25:02,97150,58811,1448
2020-11-04 18:24:56,97150,58811,1448
2020-11-04 20:25:00,97150,58811,1448
2020-11-04 21:25:00,97150,58811,1448
2020-11-04 22:24:53,97150,58811,1448
2020-11-04 23:24:58,97150,58811,1448
2020-11-05 00:25:04,97150,58811,1448
2020-11-05 03:24:54,97150,58811,1448
2020-11-05 04:25:12,97150,58811,1448
2020-11-05 06:24:55,97150,58811,1448
2020-11-05 13:25:14,99563,60135,1476
2020-11-05 15:24:57,99563,60135,1476
2020-11-05 17:25:01,99563,60135,1476
2020-11-05 18:24:55,99563,60135,1476
2020-11-05 19:24:49,99563,60135,1476
2020-11-05 22:25:11,99563,60135,1476
2020-11-06 00:25:17,99563,60135,1476
2020-11-06 01:24:46,99563,60135,1476
2020-11-06 02:24:51,99563,60135,1476
2020-11-06 03:24:53,99563,60135,1476
2020-11-06 04:25:03,99563,60135,1476
2020-11-06 06:24:54,99563,60135,1476
2020-11-06 07:24:53,101773,61782,1506
2020-11-06 12:24:50,101773,61782,1506
2020-11-06 14:24:45,101773,61782,1506
2020-11-06 15:24:44,101773,61782,1506
2020-11-06 17:24:50,101773,61782,1506
2020-11-06 19:24:44,101773,61782,1506
2020-11-07 05:24:52,101773,61782,1506
2020-11-07 06:24:42,101773,61782,1506
2020-11-07 07:24:46,104249,63258,1533
2020-11-07 08:24:42,104249,63258,1533
2020-11-07 15:24:51,104249,63258,1533
2020-11-07 16:24:51,104249,63258,1533
2020-11-07 18:24:55,104249,63258,1533
2020-11-07 23:24:59,104249,63258,1533
2020-11-08 01:24:54,104249,63258,1533
2020-11-08 02:25:07,104249,63258,1533
2020-11-08 03:24:58,104249,63258,1533
2020-11-08 05:24:56,104249,63258,1533
2020-11-08 22:24:59,106424,64179,1559
2020-11-08 23:24:56,106424,64179,1559
2020-11-09 00:25:25,106424,64179,1559
2020-11-09 03:25:28,106424,64179,1559
2020-11-09 09:25:27,107466,64910,1580
2020-11-09 13:25:28,107466,64910,1580
2020-11-09 15:25:30,107466,64910,1580
2020-11-09 16:25:31,107466,64910,1580
2020-11-09 17:25:31,107466,64910,1580
2020-11-09 18:25:30,107466,64910,1580
2020-11-09 20:25:29,107466,64910,1580
2020-11-09 22:26:16,107466,64910,1580
2020-11-10 00:25:07,107466,64910,1580
2020-11-10 01:25:06,107466,64910,1580
2020-11-10 02:25:02,107466,64910,1580
2020-11-10 04:25:05,107466,64910,1580
2020-11-10 05:48:30,107466,64910,1580
2020-11-10 19:25:43,108687,66835,1609
2020-11-10 20:25:41,108687,66835,1609
2020-11-10 21:25:37,108687,66835,1609
2020-11-11 00:25:18,108687,66835,1609
2020-11-11 03:25:16,108687,66835,1609
2020-11-11 05:25:30,108687,66835,1609
2020-11-11 06:25:21,108687,66835,1609
2020-11-11 19:25:18,110548,68336,1636
2020-11-11 20:25:10,110548,68336,1636
2020-11-11 22:25:05,110548,68336,1636
2020-11-11 23:25:19,110548,68336,1636
2020-11-12 00:25:14,110548,68336,1636
2020-11-12 01:25:14,110548,68336,1636
2020-11-12 02:25:25,110548,68336,1636
2020-11-12 03:24:23,110548,68336,1636
2020-11-12 04:27:07,110548,68336,1636
2020-11-12 05:25:55,110548,68336,1636
2020-11-12 06:26:13,110548,68336,1636
2020-11-12 07:26:42,112680,70130,1668
2020-11-12 08:26:04,112680,70130,1668
2020-11-12 09:25:57,112680,70130,1668
2020-11-12 10:26:33,112680,70130,1668
2020-11-12 12:26:29,112680,70130,1668
2020-11-12 13:25:40,112680,70130,1668
2020-11-12 15:25:08,112680,70130,1668
2020-11-12 19:26:49,112680,70130,1668
2020-11-12 20:25:09,112680,70130,1668
2020-11-12 21:25:08,112680,70130,1668
2020-11-12 22:26:25,112680,70130,1668
2020-11-12 23:25:30,112680,70130,1668
2020-11-13 00:26:19,112680,70130,1668
2020-11-13 13:25:19,114383,72116,1697
2020-11-13 14:25:31,114383,72116,1697
2020-11-13 16:25:23,114383,72116,1697
2020-11-13 18:25:32,114383,72116,1697
2020-11-13 19:25:23,114383,72116,1697
2020-11-13 20:25:34,114383,72116,1697
2020-11-13 22:26:25,114383,72116,1697
2020-11-14 00:25:39,114383,72116,1697
2020-11-14 01:25:49,114383,72116,1697
2020-11-14 02:25:25,114383,72116,1697
2020-11-14 03:25:33,114383,72116,1697
2020-11-14 05:25:37,114383,72116,1697
2020-11-14 10:25:19,115855,74105,1738
2020-11-14 15:26:38,115855,74105,1738
2020-11-14 16:26:34,115855,74105,1738
2020-11-14 17:25:27,115855,74105,1738
2020-11-14 21:27:09,115855,74105,1738
2020-11-14 22:26:50,115855,74105,1738
2020-11-15 02:27:05,115855,74105,1738
2020-11-15 03:25:40,115855,74105,1738
2020-11-15 04:27:18,115855,74105,1738
2020-11-15 05:26:53,115855,74105,1738
2020-11-15 06:26:44,115855,74105,1738
2020-11-15 07:25:38,117337,74984,1763
2020-11-15 09:27:03,117337,74984,1763
2020-11-15 10:25:51,117337,74984,1763
2020-11-15 12:26:42,117337,74984,1763
2020-11-15 13:27:03,117337,74984,1763
2020-11-15 14:25:56,117337,74984,1763
2020-11-15 15:27:06,117337,74984,1763
2020-11-15 16:27:04,117337,74984,1763
2020-11-15 18:26:07,117337,74984,1763
2020-11-15 19:26:47,117337,74984,1763
2020-11-15 20:26:49,117337,74984,1763
2020-11-15 21:27:09,117337,74984,1763
2020-11-15 22:27:01,117337,74984,1763
2020-11-16 00:25:48,117337,74984,1763
2020-11-16 02:27:07,117337,74984,1763
2020-11-16 03:26:48,117337,74984,1763
2020-11-16 04:27:12,117337,74984,1763
2020-11-16 14:27:12,117886,75865,1788
2020-11-17 06:27:06,117886,75865,1788
2020-11-17 15:27:11,118870,78343,1811
2020-11-17 17:26:15,118870,78343,1811
2020-11-17 18:25:25,118870,78343,1811
2020-11-17 20:25:58,118870,78343,1811
2020-11-17 22:25:35,118870,78343,1811
2020-11-18 00:27:05,118870,78343,1811
2020-11-18 01:27:26,118870,78343,1811
2020-11-18 02:25:52,118870,78343,1811
2020-11-18 03:26:18,118870,78343,1811
2020-11-18 04:27:29,118870,78343,1811
2020-11-18 05:25:49,118870,78343,1811
2020-11-18 06:26:51,118870,78343,1811
2020-11-18 07:26:44,118870,80069,1839
2020-11-18 08:26:30,120459,80069,1839
2020-11-18 09:25:45,120459,80069,1839
2020-11-18 10:25:30,120459,80069,1839
2020-11-18 12:26:54,120459,80069,1839
2020-11-18 13:25:31,120459,80069,1839
2020-11-18 15:26:56,120459,80069,1839
2020-11-18 16:25:48,120459,80069,1839
2020-11-18 17:25:18,120459,80069,1839
2020-11-18 19:25:09,120459,80069,1839
2020-11-18 20:25:36,120459,80069,1839
2020-11-18 21:25:26,120459,80069,1839
2020-11-18 22:25:12,120459,80069,1839
2020-11-18 23:25:16,120459,80069,1839
2020-11-19 00:25:34,120459,80069,1839
2020-11-19 01:25:20,120459,80069,1839
2020-11-19 02:26:37,120459,80069,1839
2020-11-19 04:28:13,120459,80069,1839
2020-11-19 05:25:23,120459,80069,1839
2020-11-19 06:28:35,120459,80069,1839
2020-11-19 07:26:40,121979,88388,1870
2020-11-19 08:26:31,121979,88388,1870
2020-11-19 09:25:27,121979,88388,1870
2020-11-19 10:25:17,121979,88388,1870
2020-11-19 11:26:24,121979,88388,1870
2020-11-19 13:26:25,121979,88388,1870
2020-11-19 14:28:02,121979,88388,1870
2020-11-19 15:25:20,121979,88388,1870
2020-11-19 16:25:17,121979,88388,1870
2020-11-19 17:26:24,121979,88388,1870
2020-11-19 18:26:26,121979,88388,1870
2020-11-19 20:25:24,121979,88388,1870
2020-11-19 21:25:34,121979,88388,1870
2020-11-19 22:25:12,121979,88388,1870
2020-11-19 23:26:27,121979,88388,1870
2020-11-20 00:26:45,121979,88388,1870
2020-11-20 01:26:46,121979,88388,1870
2020-11-20 02:26:42,121979,88388,1870
2020-11-20 04:25:30,121979,88388,1870
2020-11-20 06:25:12,121979,88388,1870
2020-11-20 09:25:34,123646,90754,1900
2020-11-20 10:25:16,123646,90754,1900
2020-11-20 12:25:12,123646,90754,1900
2020-11-20 14:26:52,123646,90754,1900
2020-11-20 15:25:41,123646,90754,1900
2020-11-20 16:27:08,123646,90754,1900
2020-11-20 17:25:27,123646,90754,1900
2020-11-20 18:25:27,123646,90754,1900
2020-11-20 19:25:43,123646,90754,1900
2020-11-20 21:25:42,123646,90754,1900
2020-11-20 22:25:29,123646,90754,1900
2020-11-20 23:25:52,123646,90754,1900
2020-11-21 00:26:15,123646,90754,1900
2020-11-21 02:25:33,123646,90754,1900
2020-11-21 14:25:36,124839,92829,1931
2020-11-21 17:25:57,124839,92829,1931
2020-11-21 18:25:38,124839,92829,1931
2020-11-21 19:25:44,124839,92829,1931
2020-11-21 20:27:09,124839,92829,1931
2020-11-22 00:26:56,124839,92829,1931
2020-11-22 01:26:58,124839,92829,1931
2020-11-22 02:25:34,124839,92829,1931
2020-11-22 03:25:28,124839,92829,1931
2020-11-22 05:25:45,124839,92829,1931
2020-11-22 07:25:50,126224,94090,1952
2020-11-22 08:27:13,126224,94090,1952
2020-11-22 09:25:51,126224,94090,1952
2020-11-22 10:25:41,126224,94090,1952
2020-11-22 12:25:27,126224,94090,1952
2020-11-22 13:25:50,126224,94090,1952
2020-11-22 14:25:46,126224,94090,1952
2020-11-22 16:27:11,126224,94090,1952
2020-11-22 17:26:39,126224,94090,1952
2020-11-22 18:25:33,126224,94090,1952
2020-11-22 19:25:38,126224,94090,1952
2020-11-22 21:27:07,126224,94090,1952
2020-11-22 22:26:49,126224,94090,1952
2020-11-22 23:26:03,126224,94090,1952
2020-11-23 01:25:45,126224,94090,1952
2020-11-23 02:27:02,126224,94090,1952
2020-11-23 04:25:36,126224,94090,1952
2020-11-23 05:25:26,126224,94090,1952
2020-11-23 07:26:37,126709,95099,1976
2020-11-23 08:25:30,126709,95099,1976
2020-11-23 09:27:10,126709,95099,1976
2020-11-23 11:26:08,126709,95099,1976
2020-11-23 12:25:58,126709,95099,1976
2020-11-23 13:27:25,126709,95099,1976
2020-11-23 14:26:05,126709,95099,1976
2020-11-23 15:26:28,126709,95099,1976
2020-11-23 17:26:59,126709,95099,1976
2020-11-23 18:25:50,126709,95099,1976
2020-11-23 19:25:46,126709,95099,1976
2020-11-23 20:26:11,126709,95099,1976
2020-11-23 21:27:02,126709,95099,1976
2020-11-23 22:26:02,126709,95099,1976
2020-11-23 23:26:28,126709,95099,1976
2020-11-24 01:26:01,126709,95099,1976
2020-11-24 03:27:24,126709,95099,1976
2020-11-24 04:27:38,126709,95099,1976
2020-11-24 05:27:31,126709,95099,1976
2020-11-24 06:26:03,126709,95099,1976
2020-11-24 07:27:33,127522,98944,2002
2020-11-24 08:25:48,127522,98944,2002
2020-11-24 09:27:05,127522,98944,2002
2020-11-24 10:25:47,127522,98944,2002
2020-11-24 11:26:17,127522,98944,2002
2020-11-24 12:27:34,127522,98944,2002
2020-11-24 13:27:07,127522,98944,2002
2020-11-24 14:27:24,127522,98944,2002
2020-11-24 15:26:05,127522,98944,2002
2020-11-24 19:27:36,127522,98944,2002
2020-11-24 20:27:30,127522,98944,2002
2020-11-24 22:25:58,127522,98944,2002
2020-11-25 00:26:22,127522,98944,2002
2020-11-25 01:26:44,127522,98944,2002
2020-11-25 02:26:29,127522,98944,2002
2020-11-25 03:27:09,127522,98944,2002
2020-11-25 04:25:56,127522,98944,2002
2020-11-25 06:26:16,127522,98944,2002
2020-11-25 07:27:30,129085,100913,2040
2020-11-25 08:27:39,129085,100913,2040
2020-11-25 09:26:14,129085,100913,2040
2020-11-25 10:26:22,129085,100913,2040
2020-11-25 11:26:07,129085,100913,2040
2020-11-25 12:26:29,129085,100913,2040
2020-11-25 13:26:40,129085,100913,2040
2020-11-25 14:26:24,129085,100913,2040
2020-11-25 15:27:30,129085,100913,2040
2020-11-25 16:25:53,129085,100913,2040
2020-11-25 18:26:01,129085,100913,2040
2020-11-25 19:26:19,129085,100913,2040
2020-11-25 20:27:18,129085,100913,2040
2020-11-25 21:26:00,129085,100913,2040
2020-11-25 22:27:19,129085,100913,2040
2020-11-25 23:26:36,129085,100913,2040
2020-11-26 00:26:17,129085,100913,2040
2020-11-26 01:26:41,129085,100913,2040
2020-11-26 02:27:44,129085,100913,2040
2020-11-26 03:27:34,129085,100913,2040
2020-11-26 04:27:54,129085,100913,2040
2020-11-29 17:25:44,134768,107364,2142
2020-11-29 20:25:36,134768,107364,2142
2020-11-29 21:27:17,134768,107364,2142
2020-11-29 22:26:59,134768,107364,2142
2020-11-30 01:27:36,134768,107364,2142
2020-11-30 02:27:33,134768,107364,2142
2020-11-30 03:26:42,134768,107364,2142
2020-11-30 04:26:17,134768,107364,2142
2020-11-30 06:26:02,134768,107364,2142
2020-11-30 10:25:39,135124,108442,2164
2020-11-30 14:26:24,135124,108442,2164
2020-11-30 15:26:16,135124,108442,2164
2020-11-30 16:25:45,135124,108442,2164
2020-11-30 17:27:21,135124,108442,2164
2020-11-30 19:26:59,135124,108442,2164
2020-11-30 23:27:37,135124,108442,2164
2020-12-01 01:27:57,135124,108442,2164
2020-12-01 02:27:50,135124,108442,2164
2020-12-01 04:26:14,135124,108442,2164
2020-12-01 05:26:18,135124,108442,2164
2020-12-01 06:25:51,135124,108442,2164
2020-12-01 10:25:48,135967,110365,2193
2020-12-01 14:27:19,135967,110365,2193
2020-12-01 15:27:20,135967,110365,2193
2020-12-01 23:26:35,135967,110365,2193
2020-12-02 01:26:50,135967,110365,2193
2020-12-02 03:27:52,135967,110365,2193
2020-12-02 04:26:35,135967,110365,2193
2020-12-02 05:27:41,135967,110365,2193
2020-12-02 06:28:04,135967,110365,2193
2020-12-02 13:28:00,137231,111795,2228
2020-12-02 14:26:32,137231,111795,2228
2020-12-02 21:26:40,137231,111795,2228
2020-12-02 23:26:22,137231,111795,2228
2020-12-03 00:27:12,137231,111795,2228
2020-12-03 02:27:59,137231,111795,2228
2020-12-03 03:28:14,137231,111795,2228
2020-12-03 04:26:32,137231,111795,2228
2020-12-03 14:28:12,138508,113228,2254
2020-12-03 15:27:56,138508,113228,2254
2020-12-03 16:27:51,138508,113228,2254
2020-12-03 18:27:58,138508,113228,2254
2020-12-03 20:27:59,138508,113228,2254
2020-12-03 21:25:59,138508,113228,2254
2020-12-04 01:27:46,138508,113228,2254
2020-12-04 02:27:28,138508,113228,2254
2020-12-04 04:27:27,138508,113228,2254
2020-12-04 05:27:27,138508,113228,2254
2020-12-04 06:27:50,138508,113228,2254
2020-12-04 10:28:10,139692,114990,2277
2020-12-04 15:27:51,139692,114990,2277
2020-12-04 16:27:55,139692,114990,2277
2020-12-04 17:26:22,139692,114990,2277
2020-12-04 18:27:56,139692,114990,2277
2020-12-04 20:26:04,139692,114990,2277
2020-12-04 21:28:15,139692,114990,2277
2020-12-04 23:28:26,139692,114990,2277
2020-12-05 00:28:06,139692,114990,2277
2020-12-05 02:28:37,139692,114990,2277
2020-12-05 03:26:05,139692,114990,2277
2020-12-05 15:27:37,140959,116066,2309
2020-12-05 16:26:37,140959,116066,2309
2020-12-05 21:26:28,140959,116066,2309
2020-12-05 22:27:47,140959,116066,2309
2020-12-05 23:26:05,140959,116066,2309
2020-12-06 00:27:41,140959,116066,2309
2020-12-06 01:26:15,140959,116066,2309
2020-12-06 03:28:00,140959,116066,2309
2020-12-06 13:28:22,141937,116796,2326
2020-12-06 14:28:23,141937,116796,2326
2020-12-06 15:26:15,141937,116796,2326
2020-12-06 16:26:06,141937,116796,2326
2020-12-06 17:27:52,141937,116796,2326
2020-12-06 18:26:33,141937,116796,2326
2020-12-06 19:26:04,141937,116796,2326
2020-12-06 21:26:00,141937,116796,2326
2020-12-06 22:27:46,141937,116796,2326
2020-12-06 23:27:40,141937,116796,2326
2020-12-07 01:26:17,141937,116796,2326
2020-12-07 02:26:01,141937,116796,2326
2020-12-07 03:25:54,141937,116796,2326
2020-12-07 05:26:14,141937,116796,2326
2020-12-07 06:27:45,141937,116796,2326
2020-12-07 07:28:02,141937,116796,2326
2020-12-07 08:26:00,142344,117649,2344
2020-12-07 09:26:19,142344,117649,2344
2020-12-07 10:26:33,142344,117649,2344
2020-12-07 14:26:15,142344,117649,2344
2020-12-07 15:26:17,142344,117649,2344
2020-12-07 16:28:14,142344,117649,2344
2020-12-07 17:26:40,142344,117649,2344
2020-12-07 19:27:29,142344,117649,2344
2020-12-07 20:26:36,142344,117649,2344
2020-12-07 22:26:41,142344,117649,2344
2020-12-07 23:26:23,142344,117649,2344
2020-12-08 00:27:54,142344,117649,2344
2020-12-08 07:26:10,142928,119147,2372
2020-12-08 13:28:29,142928,119147,2372
2020-12-08 14:26:23,142928,119147,2372
2020-12-08 16:27:57,142928,119147,2372
2020-12-08 17:27:20,142928,119147,2372
2020-12-08 18:26:08,142928,119147,2372
2020-12-08 20:26:31,142928,119147,2372
2020-12-09 01:27:58,142928,119147,2372
2020-12-09 04:26:45,142928,119147,2372
2020-12-09 10:26:19,144066,120532,2393
2020-12-09 11:28:00,144066,120532,2393
2020-12-09 17:27:43,144066,120532,2393
2020-12-09 20:26:27,144066,120532,2393
2020-12-09 21:26:26,144066,120532,2393
2020-12-09 22:26:34,144066,120532,2393
2020-12-09 23:28:32,144066,120532,2393
2020-12-10 00:26:51,144066,120532,2393
2020-12-10 02:26:37,144066,120532,2393
2020-12-10 07:26:44,144066,121882,2416
2020-12-10 09:26:52,145240,121882,2416
2020-12-10 10:27:07,145240,121882,2416
2020-12-10 11:28:05,145240,121882,2416
2020-12-10 14:26:47,145240,121882,2416
2020-12-10 16:26:38,145240,121882,2416
2020-12-10 18:27:00,145240,121882,2416
2020-12-10 19:28:20,145240,121882,2416
2020-12-10 21:26:21,145240,121882,2416
2020-12-10 22:26:35,145240,121882,2416
2020-12-10 23:28:21,145240,121882,2416
2020-12-11 00:28:11,145240,121882,2416
2020-12-11 02:28:36,145240,121882,2416
2020-12-11 03:27:57,145240,121882,2416
2020-12-11 04:26:26,145240,121882,2416
2020-12-11 05:26:59,145240,121882,2416
2020-12-11 13:28:00,146317,123474,2445
2020-12-11 15:26:38,146317,123474,2445
2020-12-11 16:26:46,146317,123474,2445
2020-12-11 18:26:31,146317,123474,2445
2020-12-11 19:28:17,146317,123474,2445
2020-12-11 20:26:58,146317,123474,2445
2020-12-11 21:28:05,146317,123474,2445
2020-12-12 04:26:57,146317,123474,2445
2020-12-12 07:26:16,147312,124521,2462
2020-12-12 17:27:00,147312,124521,2462
2020-12-12 19:26:45,147312,124521,2462
2020-12-12 20:26:19,147312,124521,2462
2020-12-12 21:26:42,147312,124521,2462
2020-12-12 22:26:38,147312,124521,2462
2020-12-12 23:26:35,147312,124521,2462
2020-12-13 00:26:30,147312,124521,2462
2020-12-13 01:26:24,147312,124521,2462
2020-12-13 02:27:35,147312,124521,2462
2020-12-13 03:26:38,147312,124521,2462
2020-12-13 05:27:20,147312,124521,2462
2020-12-13 06:26:21,147312,124521,2462
2020-12-13 07:26:56,148325,125169,2486
2020-12-13 12:26:15,148325,125169,2486
2020-12-13 15:26:44,148325,125169,2486
2020-12-13 17:26:27,148325,125169,2486
2020-12-13 23:27:49,148325,125169,2486
2020-12-14 00:26:53,148325,125169,2486
2020-12-14 02:27:38,148325,125169,2486
2020-12-14 03:26:16,148325,125169,2486
2020-12-14 04:26:44,148325,125169,2486
2020-12-14 05:26:27,148325,125169,2486
2020-12-14 06:27:54,148325,125169,2486
2020-12-14 11:28:21,148682,125966,2503
2020-12-14 15:26:59,148682,125966,2503
2020-12-14 16:28:24,148682,125966,2503
2020-12-14 17:28:08,148682,125966,2503
2020-12-14 19:26:23,148682,125966,2503
2020-12-14 20:26:49,148682,125966,2503
2020-12-14 22:26:54,148682,125966,2503
2020-12-15 02:28:01,148682,125966,2503
2020-12-15 03:26:28,148682,125966,2503
2020-12-15 04:28:16,148682,125966,2503
2020-12-15 06:26:51,148682,125966,2503
2020-12-15 14:28:01,149120,127452,2529
2020-12-15 15:27:49,149120,127452,2529
2020-12-15 16:26:58,149120,127452,2529
2020-12-15 17:27:34,149120,127452,2529
2020-12-15 18:26:55,149120,127452,2529
2020-12-15 19:26:40,149120,127452,2529
2020-12-15 20:27:19,149120,127452,2529
2020-12-15 21:28:20,149120,127452,2529
2020-12-15 23:27:32,149120,127452,2529
2020-12-16 00:28:27,149120,127452,2529
2020-12-16 01:28:05,149120,127452,2529
2020-12-16 02:28:29,149120,127452,2529
2020-12-16 04:26:28,149120,127452,2529
2020-12-16 05:28:04,149120,127452,2529
2020-12-16 15:28:04,150218,128694,2556
2020-12-16 18:27:16,150218,128694,2556
2020-12-16 20:28:51,150218,128694,2556
2020-12-16 21:26:49,150218,128694,2556
2020-12-16 22:27:05,150218,128694,2556
2020-12-16 23:28:51,150218,128694,2556
2020-12-17 02:29:08,150218,128694,2556
2020-12-17 04:28:51,150218,128694,2556
2020-12-17 05:28:12,150218,128694,2556
2020-12-17 07:28:49,151392,129990,2581
2020-12-17 15:27:10,151392,129990,2581
2020-12-17 16:28:27,151392,129990,2581
2020-12-17 17:28:17,151392,129990,2581
2020-12-17 18:27:05,151392,129990,2581
2020-12-17 19:29:17,151392,129990,2581
2020-12-17 21:27:14,151392,129990,2581
2020-12-17 22:26:44,151392,129990,2581
2020-12-18 00:27:29,151392,129990,2581
2020-12-18 01:27:20,151392,129990,2581
2020-12-18 02:27:09,151392,129990,2581
2020-12-18 03:26:54,151392,129990,2581
2020-12-18 04:26:38,151392,129990,2581
2020-12-18 05:28:18,151392,129990,2581
2020-12-18 13:28:56,152253,131213,2596
2020-12-18 15:27:04,152253,131213,2596
2020-12-18 18:27:02,152253,131213,2596
2020-12-18 19:27:10,152253,131213,2596
2020-12-18 20:27:18,152253,131213,2596
2020-12-18 21:27:38,152253,131213,2596
2020-12-18 23:27:17,152253,131213,2596
2020-12-19 01:28:10,152253,131213,2596
2020-12-19 03:28:19,152253,131213,2596
2020-12-19 05:27:52,152253,131213,2596
2020-12-19 06:27:23,152253,131213,2596
2020-12-19 10:27:16,153173,131931,2616
2020-12-19 14:27:23,153173,131931,2616
2020-12-19 15:29:14,153173,131931,2616
2020-12-19 17:28:40,153173,131931,2616
2020-12-19 18:27:41,153173,131931,2616
2020-12-19 19:27:49,153173,131931,2616
2020-12-19 20:27:42,153173,131931,2616
2020-12-19 22:27:10,153173,131931,2616
2020-12-19 23:29:26,153173,131931,2616
2020-12-20 00:27:30,153173,131931,2616
2020-12-20 05:27:32,153173,131931,2616
2020-12-20 15:29:44,153825,132532,2630
2020-12-20 16:29:52,153825,132532,2630
2020-12-20 17:27:40,153825,132532,2630
2020-12-20 18:27:32,153825,132532,2630
2020-12-20 19:27:50,153825,132532,2630
2020-12-20 20:27:39,153825,132532,2630
2020-12-20 22:29:59,153825,132532,2630
2020-12-20 23:27:19,153825,132532,2630
2020-12-21 00:28:01,153825,132532,2630
2020-12-21 01:29:02,153825,132532,2630
2020-12-21 02:28:15,153825,132532,2630
2020-12-21 03:27:47,153825,132532,2630
2020-12-21 04:30:10,153825,132532,2630
2020-12-21 05:27:58,153825,132532,2630
2020-12-21 09:28:04,154065,133176,2656
2020-12-21 13:27:30,154065,133176,2656
2020-12-21 14:22:37,154065,133176,2656
2020-12-21 16:23:00,154065,133176,2656
2020-12-21 17:22:58,154065,133176,2656
2020-12-21 19:22:28,154065,133176,2656
2020-12-21 20:22:41,154065,133176,2656
2020-12-21 21:22:38,154065,133176,2656
2020-12-21 22:22:38,154065,133176,2656
2020-12-22 00:22:31,154065,133176,2656
2020-12-22 01:22:41,154065,133176,2656
2020-12-22 02:22:08,154065,133176,2656
2020-12-22 04:22:26,154065,133176,2656
2020-12-22 05:22:33,154065,133176,2656
2020-12-22 06:22:55,154065,133176,2656
2020-12-22 07:22:50,154602,134586,2673
2020-12-22 08:22:45,154602,134586,2673
2020-12-22 09:22:35,154602,134586,2673
2020-12-22 10:22:22,154602,134586,2673
2020-12-22 11:22:24,154602,134586,2673
2020-12-22 12:22:44,154602,134586,2673
2020-12-22 13:22:32,154602,134586,2673
2020-12-22 15:22:51,154602,134586,2673
2020-12-22 17:22:14,154602,134586,2673
2020-12-22 18:22:26,154602,134586,2673
2020-12-22 19:22:18,154602,134586,2673
2020-12-22 20:22:08,154602,134586,2673
2020-12-22 21:23:15,154602,134586,2673
2020-12-22 22:22:34,154602,134586,2673
2020-12-22 23:22:35,154602,134586,2673
2020-12-23 00:22:30,154602,134586,2673
2020-12-23 01:21:59,154602,134586,2673
2020-12-23 02:22:30,154602,134586,2673
2020-12-23 03:22:26,154602,134586,2673
2020-12-23 04:21:58,154602,134586,2673
2020-12-23 05:22:03,154602,134586,2673
2020-12-23 20:22:37,155440,135638,2691
2020-12-23 21:22:38,155440,135638,2691
2020-12-23 22:22:48,155440,135638,2691
2020-12-23 23:22:23,155440,135638,2691
2020-12-24 00:22:40,155440,135638,2691
2020-12-24 01:22:41,155440,135638,2691
2020-12-24 02:22:47,155440,135638,2691
2020-12-24 03:22:46,155440,135638,2691
2020-12-24 04:23:00,155440,135638,2691
2020-12-24 05:23:04,155440,135638,2691
2020-12-24 06:22:34,155440,135638,2691
2020-12-24 07:22:20,155440,135638,2691
2020-12-24 08:22:36,156142,136766,2714
2020-12-24 09:22:50,156142,136766,2714
2020-12-24 10:22:33,156142,136766,2714
2020-12-24 11:22:29,156142,136766,2714
2020-12-24 12:22:41,156142,136766,2714
2020-12-24 13:22:08,156142,136766,2714
2020-12-24 15:22:18,156142,136766,2714
2020-12-24 17:22:23,156142,136766,2714
2020-12-24 18:22:59,156142,136766,2714
2020-12-24 19:22:19,156142,136766,2714
2020-12-24 20:23:13,156142,136766,2714
2020-12-24 22:22:54,156142,136766,2714
2020-12-24 23:22:16,156142,136766,2714
2020-12-25 00:22:24,156142,136766,2714
2020-12-25 01:22:32,156142,136766,2714
2020-12-25 02:22:24,156142,136766,2714
2020-12-25 04:22:39,156142,136766,2714
2020-12-25 05:22:48,156142,136766,2714
2020-12-25 06:22:33,156142,136766,2714
2020-12-25 07:22:53,156142,136766,2714
2020-12-25 08:22:41,156763,137815,2733
2020-12-25 09:22:05,156763,137815,2733
2020-12-25 10:22:48,156763,137815,2733
2020-12-25 11:22:18,156763,137815,2733
2020-12-25 13:22:22,156763,137815,2733
2020-12-25 14:22:16,156763,137815,2733
2020-12-25 15:22:10,156763,137815,2733
2020-12-25 16:22:32,156763,137815,2733
2020-12-25 21:22:38,156763,137815,2733
2020-12-26 01:22:57,156763,137815,2733
2020-12-26 03:22:43,156763,137815,2733
2020-12-26 04:23:13,156763,137815,2733
2020-12-26 05:22:28,156763,137815,2733
2020-12-26 06:22:07,156763,137815,2733
2020-12-26 07:22:30,157349,138669,2752
2020-12-26 09:22:43,157349,138669,2752
2020-12-26 10:22:17,157349,138669,2752
2020-12-26 12:21:56,157349,138669,2752
2020-12-26 13:22:13,157349,138669,2752
2020-12-26 14:22:39,157349,138669,2752
2020-12-26 15:22:06,157349,138669,2752
2020-12-26 16:22:26,157349,138669,2752
2020-12-26 18:22:14,157349,138669,2752
2020-12-26 20:22:02,157349,138669,2752
2020-12-26 21:22:36,157349,138669,2752
2020-12-26 23:22:50,157349,138669,2752
2020-12-27 00:22:38,157349,138669,2752
2020-12-27 01:22:51,157349,138669,2752
2020-12-27 02:22:50,157349,138669,2752
2020-12-27 04:22:29,157349,138669,2752
2020-12-27 05:22:55,157349,138669,2752
2020-12-27 06:22:30,157349,138669,2752
2020-12-27 07:22:08,157349,138669,2752
2020-12-27 08:22:08,157834,139113,2768
2020-12-27 09:22:17,157834,139113,2768
2020-12-27 10:22:54,157834,139113,2768
2020-12-27 11:22:38,157834,139113,2768
2020-12-27 12:22:33,157834,139113,2768
2020-12-27 13:22:43,157834,139113,2768
2020-12-27 14:22:29,157834,139113,2768
2020-12-27 15:23:08,157834,139113,2768
2020-12-27 17:22:33,157834,139113,2768
2020-12-27 18:22:32,157834,139113,2768
2020-12-27 20:22:33,157834,139113,2768
2020-12-27 21:22:36,157834,139113,2768
2020-12-27 22:22:24,157834,139113,2768
2020-12-27 23:22:23,157834,139113,2768
2020-12-28 00:22:48,157834,139113,2768
2020-12-28 03:22:30,157834,139113,2768
2020-12-28 05:22:06,157834,139113,2768
2020-12-28 06:22:35,157834,139113,2768
2020-12-28 14:22:49,157948,139675,2775
2020-12-28 17:22:28,157948,139675,2775
2020-12-28 18:22:09,157948,139675,2775
2020-12-28 19:22:33,157948,139675,2775
2020-12-28 21:22:21,157948,139675,2775
2020-12-29 04:23:04,157948,139675,2775
2020-12-29 14:22:29,158296,140942,2797
2020-12-29 16:22:46,158296,140942,2797
2020-12-29 17:23:03,158296,140942,2797
2020-12-29 18:22:52,158296,140942,2797
2020-12-29 20:22:43,158296,140942,2797
2020-12-29 21:22:57,158296,140942,2797
2020-12-30 00:22:32,158296,140942,2797
2020-12-30 01:22:24,158296,140942,2797
2020-12-30 02:22:41,158296,140942,2797
2020-12-30 04:22:34,158296,140942,2797
2020-12-30 05:22:34,158296,140942,2797
2020-12-30 06:22:15,158296,140942,2797
2020-12-30 07:22:16,158878,141844,2807
2020-12-30 08:22:05,158878,141844,2807
2020-12-30 09:22:12,158878,141844,2807
2020-12-30 10:22:27,158878,141844,2807
2020-12-30 11:22:38,158878,141844,2807
2020-12-30 12:23:04,158878,141844,2807
2020-12-30 13:22:52,158878,141844,2807
2020-12-30 14:22:39,158878,141844,2807
2020-12-30 15:22:40,158878,141844,2807
2020-12-30 16:22:36,158878,141844,2807
2020-12-30 17:22:29,158878,141844,2807
2020-12-30 18:22:42,158878,141844,2807
2020-12-30 20:22:54,158878,141844,2807
2020-12-30 22:22:36,158878,141844,2807
2020-12-30 23:23:08,158878,141844,2807
2020-12-31 01:22:49,158878,141844,2807
2020-12-31 03:22:49,158878,141844,2807
2020-12-31 04:23:14,158878,141844,2807
2020-12-31 06:22:49,158878,141844,2807
2020-12-31 07:22:36,159409,142801,2823
2020-12-31 08:22:23,159409,142801,2823
2020-12-31 09:22:49,159409,142801,2823
2020-12-31 10:22:50,159409,142801,2823
2020-12-31 11:22:56,159409,142801,2823
2020-12-31 12:22:48,159409,142801,2823
2020-12-31 13:22:35,159409,142801,2823
2020-12-31 14:22:32,159409,142801,2823
2020-12-31 16:22:57,159409,142801,2823
2020-12-31 18:22:58,159409,142801,2823
2020-12-31 20:23:13,159409,142801,2823
2020-12-31 21:23:12,159409,142801,2823
2020-12-31 22:23:05,159409,142801,2823
2020-12-31 23:23:16,159409,142801,2823
2021-01-01 00:23:03,159409,142801,2823
2021-01-01 01:23:13,159409,142801,2823
2021-01-01 02:23:01,159409,142801,2823
2021-01-01 03:23:03,159409,142801,2823
2021-01-01 14:22:58,159738,143355,2828
2021-01-01 15:22:42,159738,143355,2828
2021-01-01 16:22:26,159738,143355,2828
2021-01-01 17:22:43,159738,143355,2828
2021-01-01 18:22:49,159738,143355,2828
2021-01-01 19:23:12,159738,143355,2828
2021-01-01 20:23:01,159738,143355,2828
2021-01-01 21:22:31,159738,143355,2828
2021-01-02 00:23:04,159738,143355,2828
2021-01-02 16:22:37,159798,143640,2836
2021-01-02 17:22:51,159798,143640,2836
2021-01-02 18:23:14,159798,143640,2836
2021-01-02 19:22:53,159798,143640,2836
2021-01-02 20:23:12,159798,143640,2836
2021-01-02 22:22:31,159798,143640,2836
2021-01-02 23:22:56,159798,143640,2836
2021-01-03 00:23:09,159798,143640,2836
2021-01-03 01:22:50,159798,143640,2836
2021-01-03 03:22:46,159798,143640,2836
2021-01-03 04:22:34,159798,143640,2836
2021-01-03 05:22:52,159798,143640,2836
2021-01-03 15:22:33,160027,144091,2850
2021-01-03 16:22:57,160027,144091,2850
2021-01-03 17:22:36,160027,144091,2850
2021-01-03 18:23:07,160027,144091,2850
2021-01-03 19:23:16,160027,144091,2850
2021-01-03 20:23:25,160027,144091,2850
2021-01-03 21:23:09,160027,144091,2850
2021-01-03 22:22:55,160027,144091,2850
2021-01-04 00:23:07,160027,144091,2850
2021-01-04 01:22:43,160027,144091,2850
2021-01-04 02:22:58,160027,144091,2850
2021-01-04 03:22:59,160027,144091,2850
2021-01-04 05:22:02,160027,144091,2850
2021-01-04 14:22:28,160220,144831,2864
2021-01-04 16:24:50,160220,144831,2864
2021-01-04 17:22:07,160220,144831,2864
2021-01-04 19:22:04,160220,144831,2864
2021-01-04 20:22:37,160220,144831,2864
2021-01-04 21:22:24,160220,144831,2864
2021-01-04 23:22:27,160220,144831,2864
2021-01-05 00:22:34,160220,144831,2864
2021-01-05 01:22:15,160220,144831,2864
2021-01-05 02:22:15,160220,144831,2864
2021-01-05 03:22:21,160220,144831,2864
2021-01-05 04:22:07,160220,144831,2864
2021-01-05 15:22:19,160544,145759,2878
2021-01-05 16:22:20,160544,145759,2878
2021-01-05 17:22:17,160544,145759,2878
2021-01-05 18:22:10,160544,145759,2878
2021-01-05 19:21:53,160544,145759,2878
2021-01-05 20:22:27,160544,145759,2878
2021-01-05 21:22:28,160544,145759,2878
2021-01-05 22:22:36,160544,145759,2878
2021-01-06 00:22:35,160544,145759,2878
2021-01-06 01:22:42,160544,145759,2878
2021-01-06 02:22:29,160544,145759,2878
2021-01-06 03:22:31,160544,145759,2878
2021-01-06 04:22:55,160544,145759,2878
2021-01-06 05:22:16,160544,145759,2878
2021-01-06 06:22:04,160544,145759,2878
2021-01-06 07:22:41,160853,146576,2890
2021-01-06 08:22:25,160853,146576,2890
2021-01-06 09:21:53,160853,146576,2890
2021-01-06 10:22:04,160853,146576,2890
2021-01-06 11:22:23,160853,146576,2890
2021-01-06 12:22:43,160853,146576,2890
2021-01-06 13:22:14,160853,146576,2890
2021-01-06 14:22:33,160853,146576,2890
2021-01-06 15:22:03,160853,146576,2890
2021-01-06 16:22:41,160853,146576,2890
2021-01-07 00:21:52,160853,146576,2890
2021-01-07 01:22:28,160853,146576,2890
2021-01-07 02:22:27,160853,146576,2890
2021-01-07 03:22:12,160853,146576,2890
2021-01-07 04:22:32,160853,146576,2890
2021-01-07 22:23:04,161054,147388,2901
2021-01-07 23:22:25,161054,147388,2901
2021-01-08 00:22:19,161054,147388,2901
2021-01-08 01:22:15,161054,147388,2901
2021-01-08 02:22:15,161054,147388,2901
2021-01-08 03:22:34,161054,147388,2901
2021-01-08 04:22:19,161054,147388,2901
2021-01-08 05:22:42,161054,147388,2901
2021-01-08 06:22:22,161054,147388,2901
2021-01-08 07:22:27,161415,147961,2908
2021-01-08 08:22:22,161415,147961,2908
2021-01-08 09:21:50,161415,147961,2908
2021-01-08 10:22:17,161415,147961,2908
2021-01-08 11:22:28,161415,147961,2908
2021-01-08 12:21:53,161415,147961,2908
2021-01-08 23:22:27,161415,147961,2908
2021-01-09 05:22:18,161415,147961,2908
2021-01-09 06:22:22,161415,147961,2908
2021-01-09 14:22:02,161794,148893,2922
2021-01-09 15:22:44,161794,148893,2922
2021-01-09 16:22:40,161794,148893,2922
2021-01-09 17:22:14,161794,148893,2922
2021-01-09 21:22:32,161794,148893,2922
2021-01-09 22:21:55,161794,148893,2922
2021-01-10 01:21:59,161794,148893,2922
2021-01-10 03:22:12,161794,148893,2922
2021-01-10 04:22:27,161794,148893,2922
2021-01-10 05:22:12,161794,148893,2922
2021-01-10 06:21:58,161794,148893,2922
2021-01-10 07:22:24,161794,148893,2922
2021-01-10 08:22:09,162131,149312,2929
2021-01-10 09:21:59,162131,149312,2929
2021-01-10 10:21:52,162131,149312,2929
2021-01-10 11:22:41,162131,149312,2929
2021-01-10 12:22:49,162131,149312,2929
2021-01-10 13:22:04,162131,149312,2929
2021-01-10 14:22:41,162131,149312,2929
2021-01-10 15:22:51,162131,149312,2929
2021-01-10 16:22:10,162131,149312,2929
2021-01-10 17:22:07,162131,149312,2929
2021-01-10 18:22:18,162131,149312,2929
2021-01-10 19:22:28,162131,149312,2929
2021-01-10 20:22:10,162131,149312,2929
2021-01-10 21:22:40,162131,149312,2929
2021-01-10 22:22:09,162131,149312,2929
2021-01-10 23:22:02,162131,149312,2929
2021-01-11 00:22:34,162131,149312,2929
2021-01-11 01:22:50,162131,149312,2929
2021-01-11 03:22:25,162131,149312,2929
2021-01-11 04:22:21,162131,149312,2929
2021-01-11 05:21:50,162131,149312,2929
2021-01-11 06:22:12,162131,149312,2929
2021-01-11 07:22:31,162288,149873,2931
2021-01-11 08:21:48,162288,149873,2931
2021-01-11 09:22:27,162288,149873,2931
2021-01-11 10:22:30,162288,149873,2931
2021-01-11 11:22:26,162288,149873,2931
2021-01-11 12:22:17,162288,149873,2931
2021-01-11 13:22:18,162288,149873,2931
2021-01-11 14:22:26,162288,149873,2931
2021-01-11 22:22:38,162288,149873,2931
2021-01-11 23:22:31,162288,149873,2931
2021-01-12 00:22:02,162288,149873,2931
2021-01-12 01:22:03,162288,149873,2931
2021-01-12 02:22:21,162288,149873,2931
2021-01-12 03:22:18,162288,149873,2931
2021-01-12 04:22:15,162288,149873,2931
2021-01-12 05:22:15,162288,149873,2931
2021-01-12 06:22:15,162288,149873,2931
2021-01-12 07:22:22,162643,150602,2941
2021-01-12 08:21:39,162643,150602,2941
2021-01-12 09:22:14,162643,150602,2941
2021-01-12 10:22:09,162643,150602,2941
2021-01-12 11:22:21,162643,150602,2941
2021-01-12 12:21:49,162643,150602,2941
2021-01-12 13:21:52,162643,150602,2941
2021-01-12 14:22:09,162643,150602,2941
2021-01-12 15:22:15,162643,150602,2941
2021-01-12 16:21:50,162643,150602,2941
2021-01-13 04:22:23,162643,150602,2941
2021-01-13 06:22:00,162643,150602,2941
2021-01-13 07:21:59,163128,151246,2951
2021-01-13 08:21:43,163128,151246,2951
2021-01-13 09:22:06,163128,151246,2951
2021-01-13 10:22:16,163128,151246,2951
2021-01-13 11:22:11,163128,151246,2951
2021-01-13 12:22:17,163128,151246,2951
2021-01-13 13:22:18,163128,151246,2951
2021-01-13 14:22:16,163128,151246,2951
2021-01-13 20:22:38,163128,151246,2951
2021-01-13 21:22:32,163128,151246,2951
2021-01-13 23:22:45,163128,151246,2951
2021-01-14 00:22:02,163128,151246,2951
2021-01-14 01:21:44,163128,151246,2951
2021-01-14 03:22:32,163128,151246,2951
2021-01-14 04:22:42,163128,151246,2951
2021-01-14 05:22:32,163128,151246,2951
2021-01-14 13:22:41,163576,151849,2963
2021-01-14 19:22:29,163576,151849,2963
2021-01-14 22:22:29,163576,151849,2963
2021-01-14 23:21:54,163576,151849,2963
2021-01-15 00:21:46,163576,151849,2963
2021-01-15 02:22:17,163576,151849,2963
2021-01-15 04:22:44,163576,151849,2963
2021-01-15 14:22:05,163972,152320,2974
2021-01-15 22:22:28,163972,152320,2974
2021-01-16 15:21:55,164235,152615,2987
2021-01-16 17:21:49,164235,152615,2987
2021-01-16 18:22:14,164235,152615,2987
2021-01-16 20:22:28,164235,152615,2987
2021-01-16 21:23:28,164235,152615,2987
2021-01-16 23:22:37,164235,152615,2987
2021-01-17 01:22:50,164235,152615,2987
2021-01-17 02:22:18,164235,152615,2987
2021-01-17 04:22:23,164235,152615,2987
2021-01-17 06:22:20,164235,152615,2987
2021-01-17 15:22:12,164586,152772,2992
2021-01-17 16:21:46,164586,152772,2992
2021-01-17 18:22:26,164586,152772,2992
2021-01-17 19:22:09,164586,152772,2992
2021-01-17 20:22:47,164586,152772,2992
2021-01-17 21:21:57,164586,152772,2992
2021-01-17 23:22:14,164586,152772,2992
2021-01-18 01:22:11,164586,152772,2992
2021-01-18 02:21:51,164586,152772,2992
2021-01-18 03:22:11,164586,152772,2992
2021-01-18 05:22:34,164586,152772,2992
2021-01-18 06:21:45,164586,152772,2992
2021-01-18 07:21:40,164676,153064,2998
2021-01-18 09:22:18,164676,153064,2998
2021-01-18 10:21:57,164676,153064,2998
2021-01-18 11:21:28,164676,153064,2998
2021-01-18 13:21:49,164676,153064,2998
2021-01-18 14:22:05,164676,153064,2998
2021-01-19 23:22:20,164912,153500,3007
2021-01-20 01:22:17,164912,153500,3007
2021-01-20 02:22:16,164912,153500,3007
2021-01-20 03:22:53,164912,153500,3007
2021-01-20 04:22:30,164912,153500,3007
2021-01-20 05:21:54,164912,153500,3007
2021-01-20 06:22:00,164912,153500,3007
2021-01-20 12:22:01,165221,153857,3016
2021-01-20 13:22:08,165221,153857,3016
2021-01-20 21:22:13,165221,153857,3016
2021-01-20 22:21:46,165221,153857,3016
2021-01-20 23:22:12,165221,153857,3016
2021-01-21 01:22:17,165221,153857,3016
2021-01-21 02:21:50,165221,153857,3016
2021-01-21 03:22:28,165221,153857,3016
2021-01-21 13:22:15,165528,154046,3021
2021-01-22 02:22:26,165528,154046,3021
2021-01-22 15:22:31,165711,154259,3030
2021-01-22 16:22:17,165711,154259,3030
2021-01-22 17:22:35,165711,154259,3030
2021-01-22 19:21:59,165711,154259,3030
2021-01-22 21:22:22,165711,154259,3030
2021-01-23 21:22:07,165909,154535,3034
2021-01-23 22:21:53,165909,154535,3034
2021-01-23 23:22:28,165909,154535,3034
2021-01-24 03:22:35,165909,154535,3034
2021-01-24 04:22:02,165909,154535,3034
2021-01-24 05:22:35,165909,154535,3034
2021-01-25 02:22:51,166036,154708,3039
2021-01-25 04:22:32,166036,154708,3039
2021-01-25 05:22:16,166036,154708,3039
2021-01-25 22:22:16,166094,154932,3047
2021-01-25 23:22:27,166094,154932,3047
2021-01-26 00:21:53,166094,154932,3047
2021-01-26 02:22:33,166094,154932,3047
2021-01-26 03:22:40,166094,154932,3047
2021-01-26 05:22:02,166094,154932,3047
2021-01-26 06:22:05,166094,154932,3047
2021-01-26 07:22:09,166232,155404,3052
2021-01-26 08:21:45,166232,155404,3052
2021-01-26 09:22:11,166232,155404,3052
2021-01-26 10:21:43,166232,155404,3052
2021-01-26 11:22:27,166232,155404,3052
2021-01-26 12:22:23,166232,155404,3052
2021-01-26 13:22:04,166232,155404,3052
2021-01-26 14:22:15,166232,155404,3052
2021-01-26 15:22:33,166232,155404,3052
2021-01-26 16:22:45,166232,155404,3052
2021-01-26 18:23:07,166232,155404,3052
2021-01-26 19:22:26,166232,155404,3052
2021-01-26 20:22:44,166232,155404,3052
2021-01-27 17:22:25,166427,156053,3056
2021-01-27 18:22:29,166427,156053,3056
2021-01-27 19:22:28,166427,156053,3056
2021-01-27 20:22:23,166427,156053,3056
2021-01-27 21:22:53,166427,156053,3056
2021-01-28 13:22:40,166669,156645,3067
2021-01-29 22:22:53,166728,156910,3069
2021-01-31 23:22:16,167026,157519,3080
2021-02-01 15:22:50,167088,157800,3084
2021-02-01 16:22:42,167088,157800,3084
2021-02-02 01:22:43,167088,157800,3084
2021-02-02 03:22:36,167088,157800,3084
2021-02-02 05:22:49,167088,157800,3084
2021-02-02 07:23:09,167231,158335,3089
2021-02-02 08:22:53,167231,158335,3089
2021-02-02 09:23:20,167231,158335,3089
2021-02-02 11:23:15,167231,158335,3089
2021-02-02 13:22:21,167231,158335,3089
2021-02-03 23:22:11,167421,158693,3096
2021-02-04 05:22:26,167421,158693,3096
2021-02-04 16:22:21,167568,159045,3107
2021-02-04 23:22:21,167568,159045,3107
2021-02-05 01:23:03,167568,159045,3107
2021-02-05 02:24:06,167568,159045,3107
2021-02-05 03:22:31,167568,159045,3107
2021-02-05 07:23:44,167726,159350,3109
2021-02-05 17:23:00,167726,159350,3109
2021-02-05 22:22:35,167726,159350,3109
2021-02-05 23:22:03,167726,159350,3109
2021-02-06 21:22:38,167937,159577,3114
2021-02-07 01:22:58,167937,159577,3114
2021-02-07 19:23:51,168088,159720,3117
2021-02-08 02:22:40,168088,159720,3117
2021-02-08 03:22:42,168088,159720,3117
2021-02-08 13:22:53,168177,159876,3123
2021-02-09 15:22:36,168300,160169,3126
2021-02-09 23:22:46,168300,160169,3126
2021-02-10 00:22:17,168300,160169,3126
2021-02-10 05:22:41,168300,160169,3126
2021-02-10 07:22:32,168496,160405,3130
2021-02-12 23:26:09,168830,160838,3138
2021-02-13 00:26:02,168830,160838,3138
2021-02-15 10:25:07,169255,161105,3147
2021-02-15 19:24:26,169255,161105,3147
2021-02-15 23:24:35,169255,161105,3147
2021-02-16 01:24:11,169255,161105,3147
2021-02-17 03:26:35,169391,161348,3150
2021-02-17 04:23:03,169391,161348,3150
2021-02-17 05:23:10,169391,161348,3150
2021-02-17 06:21:59,169391,161348,3150
2021-02-17 07:22:43,169597,161476,3155
2021-02-17 08:22:26,169597,161476,3155
2021-02-17 09:23:40,169597,161476,3155
2021-02-17 10:23:01,169597,161476,3155
2021-02-17 11:23:46,169597,161476,3155
2021-02-17 12:23:28,169597,161476,3155
2021-02-18 00:22:44,169597,161476,3155
2021-02-18 01:22:55,169597,161476,3155
2021-02-18 02:23:24,169597,161476,3155
2021-02-18 03:23:29,169597,161476,3155
2021-02-18 04:22:59,169597,161476,3155
2021-02-18 05:22:58,169597,161476,3155
2021-02-18 06:22:51,169597,161476,3155
2021-02-18 07:22:46,169820,161577,3156
2021-02-18 08:23:11,169820,161577,3156
2021-02-18 10:23:44,169820,161577,3156
2021-02-18 11:23:09,169820,161577,3156
2021-02-18 12:23:45,169820,161577,3156
2021-02-18 13:24:16,169820,161577,3156
2021-02-18 14:24:30,169820,161577,3156
2021-02-19 01:23:20,169820,161577,3156
2021-02-19 04:22:47,169820,161577,3156
2021-02-19 06:23:53,169820,161577,3156
2021-02-19 08:24:07,170011,161790,3158
2021-02-19 09:23:51,170011,161790,3158
2021-02-19 10:23:51,170011,161790,3158
2021-02-19 11:24:26,170011,161790,3158
2021-02-19 12:24:21,170011,161790,3158
2021-02-19 13:23:07,170011,161790,3158
2021-02-19 14:24:10,170011,161790,3158
2021-02-19 21:24:12,170011,161790,3158
2021-02-19 22:22:34,170011,161790,3158
2021-02-20 00:23:21,170011,161790,3158
2021-02-20 01:23:45,170011,161790,3158
2021-02-20 02:23:19,170011,161790,3158
2021-02-20 04:24:18,170011,161790,3158
2021-02-20 05:22:51,170011,161790,3158
2021-02-20 06:23:36,170011,161790,3158
2021-02-20 07:23:54,170234,161903,3159
2021-02-20 09:24:21,170234,161903,3159
2021-02-20 10:24:00,170234,161903,3159
2021-02-20 11:23:57,170234,161903,3159
2021-02-20 12:23:47,170234,161903,3159
2021-02-20 13:24:02,170234,161903,3159
2021-02-20 14:23:51,170234,161903,3159
2021-02-21 04:23:57,170234,161903,3159
2021-02-21 05:24:33,170234,161903,3159
2021-02-21 06:24:40,170234,161903,3159
2021-02-21 09:26:05,170402,161994,3164
2021-02-21 10:25:19,170402,161994,3164
2021-02-21 11:23:21,170402,161994,3164
2021-02-21 12:24:27,170402,161994,3164
2021-02-21 13:23:59,170402,161994,3164
2021-02-21 14:23:37,170402,161994,3164
2021-02-21 15:24:29,170402,161994,3164
2021-02-21 17:24:04,170402,161994,3164
2021-02-21 19:24:48,170402,161994,3164
2021-02-21 20:25:18,170402,161994,3164
2021-02-21 22:23:19,170402,161994,3164
2021-02-21 23:24:11,170402,161994,3164
2021-02-22 01:24:27,170402,161994,3164
2021-02-22 02:24:20,170402,161994,3164
2021-02-22 04:24:17,170402,161994,3164
2021-02-22 05:24:21,170402,161994,3164
2021-02-23 00:23:14,170506,162098,3167
2021-02-23 01:24:44,170506,162098,3167
2021-02-23 02:24:10,170506,162098,3167
2021-02-23 04:23:31,170506,162098,3167
2021-02-23 06:24:21,170506,162098,3167
2021-02-23 08:24:31,170672,162329,3171
2021-02-23 09:24:40,170672,162329,3171
2021-02-23 10:24:09,170672,162329,3171
2021-02-23 11:24:05,170672,162329,3171
2021-02-23 12:23:49,170672,162329,3171
2021-02-23 13:23:28,170672,162329,3171
2021-02-24 07:22:58,170945,162517,3175
2021-02-24 21:24:03,170945,162517,3175
2021-02-27 03:22:21,171510,163165,3183
2021-03-02 23:23:35,172456,163738,3200
2021-03-03 01:24:01,172456,163738,3200
2021-03-03 02:24:05,172456,163738,3200
2021-03-03 04:24:00,172456,163738,3200
2021-03-03 15:25:05,172816,163906,3202
2021-03-03 19:22:56,172816,163906,3202
2021-03-03 22:24:53,172816,163906,3202
2021-03-04 00:24:45,172816,163906,3202
2021-03-04 02:24:23,172816,163906,3202
2021-03-04 03:24:28,172816,163906,3202
2021-03-04 04:23:30,172816,163906,3202
2021-03-04 05:24:24,172816,163906,3202
2021-03-04 06:24:59,172816,163906,3202
2021-03-04 07:27:10,173307,164085,3208
2021-03-04 08:25:27,173307,164085,3208
2021-03-04 09:24:43,173307,164085,3208
2021-03-04 10:23:35,173307,164085,3208
2021-03-04 12:24:43,173307,164085,3208
2021-03-04 13:24:25,173307,164085,3208
2021-03-04 14:21:51,173307,164085,3208
2021-03-05 01:25:12,173307,164085,3208
2021-03-05 03:25:18,173307,164085,3208
2021-03-05 05:26:29,173307,164085,3208
2021-03-05 06:25:14,173307,164085,3208
2021-03-05 07:27:05,173749,164463,3215
2021-03-05 08:23:39,173749,164463,3215
2021-03-05 09:26:05,173749,164463,3215
2021-03-05 11:24:20,173749,164463,3215
2021-03-05 12:24:40,173749,164463,3215
2021-03-05 14:25:44,173749,164463,3215
2021-03-05 23:25:42,173749,164463,3215
2021-03-06 02:24:47,173749,164463,3215
2021-03-06 04:23:41,173749,164463,3215
2021-03-06 06:25:32,173749,164463,3215
2021-03-06 07:26:05,174257,164654,3219
2021-03-06 08:25:29,174257,164654,3219
2021-03-06 09:25:53,174257,164654,3219
2021-03-06 10:24:58,174257,164654,3219
2021-03-06 11:24:11,174257,164654,3219
2021-03-06 12:25:14,174257,164654,3219
2021-03-06 13:25:22,174257,164654,3219
2021-03-06 14:22:51,174257,164654,3219
2021-03-06 15:25:43,174257,164654,3219
2021-03-07 00:24:49,174257,164654,3219
2021-03-07 01:25:02,174257,164654,3219
2021-03-07 02:24:31,174257,164654,3219
2021-03-07 03:24:33,174257,164654,3219
2021-03-07 04:24:18,174257,164654,3219
2021-03-07 05:21:54,174257,164654,3219
2021-03-07 06:24:48,174257,164654,3219
2021-03-07 07:25:00,174257,164784,3221
2021-03-07 08:24:56,174679,164784,3221
2021-03-07 09:25:21,174679,164784,3221
2021-03-07 10:25:12,174679,164784,3221
2021-03-07 11:26:02,174679,164784,3221
2021-03-07 12:22:17,174679,164784,3221
2021-03-07 13:25:06,174679,164784,3221
2021-03-07 14:25:06,174679,164784,3221
2021-03-07 15:25:07,174679,164784,3221
2021-03-07 16:25:59,174679,164784,3221
2021-03-07 17:25:55,174679,164784,3221
2021-03-07 18:25:10,174679,164784,3221
2021-03-07 19:25:05,174679,164784,3221
2021-03-07 20:25:12,174679,164784,3221
2021-03-07 21:25:28,174679,164784,3221
2021-03-07 22:25:17,174679,164784,3221
2021-03-07 23:25:05,174679,164784,3221
2021-03-08 00:24:45,174679,164784,3221
2021-03-08 01:26:14,174679,164784,3221
2021-03-08 02:24:37,174679,164784,3221
2021-03-08 03:26:12,174679,164784,3221
2021-03-08 04:25:51,174679,164784,3221
2021-03-08 05:24:48,174679,164784,3221
2021-03-08 06:24:50,174679,164784,3221
2021-03-08 07:27:50,174679,164784,3221
2021-03-08 08:26:21,175016,164954,3225
2021-03-08 09:26:30,175016,164954,3225
2021-03-08 11:25:49,175016,164954,3225
2021-03-08 12:24:53,175016,164954,3225
2021-03-08 22:25:24,175016,164954,3225
2021-03-09 01:25:52,175016,164954,3225
2021-03-09 02:27:15,175016,164954,3225
2021-03-09 03:28:05,175016,164954,3225
2021-03-09 04:28:10,175016,164954,3225
2021-03-09 05:28:19,175016,164954,3225
2021-03-09 06:28:46,175016,164954,3225
2021-03-09 23:31:02,175198,165096,3232
2021-03-10 02:24:57,175198,165096,3232
2021-03-10 03:24:39,175198,165096,3232
2021-03-10 04:23:41,175198,165096,3232
2021-03-10 05:24:35,175198,165096,3232
2021-03-11 00:25:46,175538,165259,3237
2021-03-11 02:25:17,175538,165259,3237
2021-03-11 03:25:16,175538,165259,3237
2021-03-11 05:25:48,175538,165259,3237
2021-03-11 06:25:44,175538,165259,3237
2021-03-11 07:25:16,176286,165441,3239
2021-03-11 09:25:51,176286,165441,3239
2021-03-11 11:25:55,176286,165441,3239
2021-03-11 12:25:22,176286,165441,3239
2021-03-11 13:24:24,176286,165441,3239
2021-03-11 22:25:57,176286,165441,3239
2021-03-12 00:28:12,176286,165441,3239
2021-03-12 01:25:08,176286,165441,3239
2021-03-12 03:26:16,176286,165441,3239
2021-03-12 04:22:46,176286,165441,3239
2021-03-12 05:26:50,176286,165441,3239
2021-03-13 16:25:19,177104,165718,3243
2021-03-13 21:25:11,177899,165975,3253
2021-03-13 23:25:30,177899,165975,3253
2021-03-14 00:25:30,177899,165975,3253
2021-03-14 01:24:10,177899,165975,3253
2021-03-14 02:30:39,177899,165975,3253
2021-03-14 03:25:43,177899,165975,3253
2021-03-14 04:25:29,177899,165975,3253
2021-03-14 05:25:37,177899,165975,3253
2021-03-14 06:24:18,177899,165975,3253
2021-03-14 07:24:27,177899,166180,3255
2021-03-16 21:26:22,179287,166702,3277
2021-03-16 23:25:39,179287,166702,3277
2021-03-17 00:26:39,179287,166702,3277
2021-03-17 02:25:40,179287,166702,3277
2021-03-17 22:26:38,180141,166913,3282
2021-03-18 00:26:35,180141,166913,3282
2021-03-18 02:25:41,180141,166913,3282
2021-03-18 04:26:18,180141,166913,3282
2021-03-18 05:26:22,180141,166913,3282
2021-03-18 06:25:58,180141,166913,3282
2021-03-18 07:25:49,181165,167186,3301
2021-03-18 08:25:39,181165,167186,3301
2021-03-18 09:27:25,181165,167186,3301
2021-03-18 10:26:19,181165,167186,3301
2021-03-18 11:26:29,181165,167186,3301
2021-03-18 12:26:36,181165,167186,3301
2021-03-18 13:25:29,181165,167186,3301
2021-03-19 18:26:53,182056,167518,3320
2021-03-19 19:26:03,182056,167518,3320
2021-03-19 20:26:19,182056,167518,3320
2021-03-19 22:27:20,182056,167518,3320
2021-03-19 23:27:09,182056,167518,3320
2021-03-20 00:25:33,182056,167518,3320
2021-03-20 02:25:51,182056,167518,3320
2021-03-20 03:25:51,182056,167518,3320
2021-03-20 05:25:46,182056,167518,3320
2021-03-20 06:25:37,182056,167518,3320
2021-03-20 08:25:52,183127,167977,3332
2021-03-20 09:27:59,183127,167977,3332
2021-03-20 10:25:55,183127,167977,3332
2021-03-20 11:24:49,183127,167977,3332
2021-03-20 12:25:37,183127,167977,3332
2021-03-20 13:26:55,183127,167977,3332
2021-03-20 14:25:16,183127,167977,3332
2021-03-20 15:27:37,183127,167977,3332
2021-03-20 16:26:22,183127,167977,3332
2021-03-20 17:25:23,183127,167977,3332
2021-03-20 18:26:48,183127,167977,3332
2021-03-20 19:27:19,183127,167977,3332
2021-03-20 21:25:52,183127,167977,3332
2021-03-20 22:26:01,183127,167977,3332
2021-03-20 23:27:31,183127,167977,3332
2021-03-21 00:26:16,183127,167977,3332
2021-03-21 01:25:49,183127,167977,3332
2021-03-21 02:25:27,183127,167977,3332
2021-03-21 04:25:33,183127,167977,3332
2021-03-21 05:25:44,183127,167977,3332
2021-03-21 06:28:05,183127,167977,3332
2021-03-21 07:26:38,183713,168289,3348
2021-03-21 09:26:48,183713,168289,3348
2021-03-21 10:28:17,183713,168289,3348
2021-03-21 11:27:19,183713,168289,3348
2021-03-21 12:26:28,183713,168289,3348
2021-03-21 14:25:48,183713,168289,3348
2021-03-21 15:27:22,183713,168289,3348
2021-03-21 16:24:49,183713,168289,3348
2021-03-21 18:26:50,183713,168289,3348
2021-03-23 00:28:12,184219,168721,3360
2021-03-23 01:26:10,184219,168721,3360
2021-03-23 03:25:47,184219,168721,3360
2021-03-23 04:26:46,184219,168721,3360
2021-03-24 00:25:15,185020,169172,3384
2021-03-24 02:23:34,185020,169172,3384
2021-03-25 02:27:24,186184,169485,3398
2021-03-25 04:26:07,186184,169485,3398
2021-03-25 05:27:00,186184,169485,3398
2021-03-25 07:26:27,187441,169727,3416
2021-03-25 08:26:32,187441,169727,3416
2021-03-25 09:26:53,187441,169727,3416
2021-03-25 11:26:13,187441,169727,3416
2021-03-25 13:25:53,187441,169727,3416
2021-03-27 14:26:01,189540,170903,3450
2021-03-27 16:26:44,189540,170903,3450
2021-03-27 19:27:11,189540,170903,3450
2021-03-27 21:27:13,189540,170903,3450
2021-03-27 22:27:44,189540,170903,3450
2021-03-27 23:29:12,189540,170903,3450
2021-03-28 01:27:29,189540,170903,3450
2021-03-28 02:27:20,189540,170903,3450
2021-03-28 03:27:57,189540,170903,3450
2021-03-28 04:28:46,189540,170903,3450
2021-03-28 05:28:10,189540,170903,3450
2021-03-28 07:28:13,189540,171506,3464
2021-03-28 21:27:39,190317,171506,3464
2021-03-30 13:26:54,191491,172605,3497
2021-03-31 22:29:57,192639,173064,3515
2021-04-01 00:28:48,192639,173064,3515
2021-04-01 02:28:28,192639,173064,3515
2021-04-01 15:28:00,193736,173681,3533
2021-04-02 13:21:02,194852,174545,3552
2021-04-02 23:20:45,194852,174545,3552
2021-04-03 01:20:40,194852,174545,3552
2021-04-03 13:20:57,196044,175401,3575
2021-04-03 14:21:15,196044,175401,3575
2021-04-03 15:21:06,196044,175401,3575
2021-04-03 16:20:42,196044,175401,3575
2021-04-03 17:20:45,196044,175401,3575
2021-04-03 18:21:00,196044,175401,3575
2021-04-03 19:20:49,196044,175401,3575
2021-04-03 20:20:49,196044,175401,3575
2021-04-03 21:21:11,196044,175401,3575
2021-04-03 22:20:53,196044,175401,3575
2021-04-03 23:20:48,196044,175401,3575
2021-04-04 00:20:47,196044,175401,3575
2021-04-04 05:20:52,196044,175401,3575
2021-04-05 12:20:32,197113,176889,3614
2021-04-07 01:20:38,197873,177601,3627
2021-04-08 21:20:42,200129,179043,3675
2021-04-14 04:20:41,204053,183660,3775
2021-04-19 13:20:42,208818,189017,3895
2021-04-20 00:20:35,208818,189017,3895
2021-04-23 17:20:59,212114,192281,3984
2021-04-23 19:21:05,212114,192281,3984
2021-04-23 20:20:50,212114,192281,3984
2021-04-23 22:20:41,212114,192281,3984
2021-04-23 23:20:48,212114,192281,3984
2021-04-24 01:20:41,212114,192281,3984
2021-04-24 16:20:41,212878,193360,4001
2021-04-24 18:20:59,212878,193360,4001
2021-04-24 20:20:41,212878,193360,4001
2021-04-24 21:20:34,212878,193360,4001
2021-04-24 22:20:32,212878,193360,4001
2021-04-24 23:20:43,212878,193360,4001
2021-04-25 00:20:42,212878,193360,4001
2021-04-25 01:20:32,212878,193360,4001
2021-04-25 02:20:41,212878,193360,4001
2021-04-25 04:20:32,212878,193360,4001
2021-04-25 05:20:42,212878,193360,4001
2021-04-25 07:20:41,213288,194080,4018
2021-04-25 09:20:49,213288,194080,4018
2021-04-25 10:20:46,213288,194080,4018
2021-04-25 11:21:03,213288,194080,4018
2021-04-25 14:20:33,213288,194080,4018
2021-04-25 15:20:34,213288,194080,4018
2021-04-25 17:20:42,213288,194080,4018
2021-04-25 19:20:48,213288,194080,4018
2021-04-25 20:20:51,213288,194080,4018
2021-04-25 22:20:47,213288,194080,4018
2021-04-25 23:20:49,213288,194080,4018
2021-04-26 00:20:44,213288,194080,4018
2021-04-26 01:20:44,213288,194080,4018
2021-04-26 02:20:48,213288,194080,4018
2021-04-28 00:20:33,214064,195701,4058
2021-04-28 02:21:07,214064,195701,4058
2021-04-28 12:20:56,214872,196289,4071
2021-04-28 21:20:52,214872,196289,4071
2021-04-28 22:21:19,214872,196289,4071
2021-04-29 00:20:44,214872,196289,4071
2021-04-29 01:20:57,214872,196289,4071
2021-04-29 02:20:42,214872,196289,4071
2021-04-29 03:20:56,214872,196289,4071
2021-04-29 22:20:45,215528,197171,4087
2021-04-30 02:21:20,215528,197171,4087
2021-04-30 04:21:03,215528,197171,4087
2021-04-30 07:21:07,215528,197171,4087
2021-04-30 08:20:44,216064,198135,4108
2021-04-30 11:21:02,216064,198135,4108
2021-04-30 12:20:56,216064,198135,4108
2021-04-30 15:20:46,216064,198135,4108
2021-04-30 16:20:47,216064,198135,4108
2021-04-30 19:20:53,216064,198135,4108
2021-04-30 20:21:03,216064,198135,4108
2021-04-30 21:21:01,216064,198135,4108
2021-04-30 22:20:42,216064,198135,4108
2021-05-01 00:20:44,216064,198135,4108
2021-05-01 01:20:41,216064,198135,4108
2021-05-01 02:20:44,216064,198135,4108
2021-05-01 04:20:47,216064,198135,4108
2021-05-01 05:20:41,216064,198135,4108
2021-05-01 06:20:41,216064,198135,4108
2021-05-01 07:20:44,216064,198135,4108
2021-05-01 08:20:54,216596,199115,4128
2021-05-01 09:20:42,216596,199115,4128
2021-05-01 10:20:54,216596,199115,4128
2021-05-01 12:20:41,216596,199115,4128
2021-05-01 13:21:04,216596,199115,4128
2021-05-01 15:20:41,216596,199115,4128
2021-05-01 17:20:46,216596,199115,4128
2021-05-01 18:21:08,216596,199115,4128
2021-05-01 20:20:37,216596,199115,4128
2021-05-01 21:20:38,216596,199115,4128
2021-05-01 22:20:38,216596,199115,4128
2021-05-02 00:20:43,216596,199115,4128
2021-05-02 02:20:40,216596,199115,4128
2021-05-02 04:20:48,216596,199115,4128
2021-05-02 05:20:43,216596,199115,4128
2021-05-02 06:20:40,216596,199115,4128
2021-05-02 08:20:42,216863,199755,4139
2021-05-02 10:20:47,216863,199755,4139
2021-05-02 11:21:17,216863,199755,4139
2021-05-02 14:20:49,216863,199755,4139
2021-05-02 16:21:23,216863,199755,4139
2021-05-02 17:20:49,216863,199755,4139
2021-05-02 18:20:40,216863,199755,4139
2021-05-02 20:20:35,216863,199755,4139
2021-05-02 21:20:35,216863,199755,4139
2021-05-03 03:20:34,216863,199755,4139
2021-05-04 02:21:04,217008,200472,4149
2021-05-05 01:20:44,217407,201107,4165
2021-05-05 19:21:02,217900,201559,4178
2021-05-05 21:21:06,217900,201559,4178
2021-05-05 23:20:52,217900,201559,4178
2021-05-06 01:20:49,217900,201559,4178
2021-05-06 02:21:05,217900,201559,4178
2021-05-06 03:20:35,217900,201559,4178
2021-05-06 04:20:38,217900,201559,4178
2021-05-06 06:20:40,217900,201559,4178
2021-05-06 08:20:43,218325,202273,4192
2021-05-06 10:20:45,218325,202273,4192
2021-05-06 11:20:43,218325,202273,4192
2021-05-06 12:20:47,218325,202273,4192
2021-05-06 22:20:55,218325,202273,4192
2021-05-08 17:21:14,219092,204121,4225
2021-05-08 18:20:43,219092,204121,4225
2021-05-08 19:20:59,219092,204121,4225
2021-05-09 16:20:42,219270,204578,4234
2021-05-09 17:20:49,219270,204578,4234
2021-05-09 18:21:03,219270,204578,4234
2021-05-09 19:21:02,219270,204578,4234
2021-05-09 20:20:41,219270,204578,4234
2021-05-09 22:20:49,219270,204578,4234
2021-05-10 00:20:41,219270,204578,4234
2021-05-10 21:21:14,219353,205200,4249
2021-05-10 23:20:47,219353,205200,4249
2021-05-11 01:20:43,219353,205200,4249
2021-05-11 02:20:43,219353,205200,4249
2021-05-11 03:20:43,219353,205200,4249
2021-05-11 05:20:39,219353,205200,4249
2021-05-11 06:20:40,219353,205200,4249
2021-05-11 07:20:39,219353,205200,4249
2021-05-11 08:21:05,219596,205675,4256
2021-05-11 09:20:56,219596,205675,4256
2021-05-11 11:20:52,219596,205675,4256
2021-05-11 12:20:50,219596,205675,4256
2021-05-11 13:21:09,219596,205675,4256
2021-05-11 14:20:57,219596,205675,4256
2021-05-11 15:20:58,219596,205675,4256
2021-05-11 17:20:50,219596,205675,4256
2021-05-11 23:21:08,219596,205675,4256
2021-05-15 17:20:49,220729,208100,4314
2021-05-15 18:21:31,220729,208100,4314
2021-05-15 20:20:52,220729,208100,4314
2021-05-15 21:20:58,220729,208100,4314
2021-05-16 02:20:49,220729,208100,4314
2021-05-16 04:20:49,220729,208100,4314
2021-05-16 05:20:41,220729,208100,4314
2021-05-16 06:20:44,220729,208100,4314
2021-05-16 07:20:45,220729,208100,4314
2021-05-16 09:20:42,220860,208454,4323
2021-05-16 10:20:44,220860,208454,4323
2021-05-16 12:20:48,220860,208454,4323
2021-05-16 13:20:50,220860,208454,4323
2021-05-16 14:20:51,220860,208454,4323
2021-05-16 16:20:56,220860,208454,4323
2021-05-16 17:20:55,220860,208454,4323
2021-05-16 19:21:29,220860,208454,4323
2021-05-18 20:20:57,221139,209222,4346
2021-05-18 21:20:56,221139,209222,4346
2021-05-19 00:20:41,221139,209222,4346
2021-05-19 01:21:04,221139,209222,4346
2021-05-19 03:20:41,221139,209222,4346
2021-05-19 04:20:42,221139,209222,4346
2021-05-19 06:20:44,221139,209222,4346
2021-05-19 07:20:39,221139,209222,4346
2021-05-19 08:20:37,221368,209508,4357
2021-05-19 09:20:34,221368,209508,4357
2021-05-19 10:20:38,221368,209508,4357
2021-05-19 11:20:37,221368,209508,4357
2021-05-19 12:20:58,221368,209508,4357
2021-05-19 14:21:03,221368,209508,4357
2021-05-20 21:20:44,221559,209980,4364
2021-05-20 23:21:01,221559,209980,4364
2021-05-21 00:20:49,221559,209980,4364
2021-05-21 01:20:49,221559,209980,4364
2021-05-21 02:21:01,221559,209980,4364
2021-05-21 03:20:44,221559,209980,4364
2021-05-21 05:20:50,221559,209980,4364
2021-05-21 06:20:45,221559,209980,4364
2021-05-21 07:20:46,221559,209980,4364
2021-05-21 08:20:45,221699,210464,4371
2021-05-21 09:20:51,221699,210464,4371
2021-05-21 10:20:58,221699,210464,4371
2021-05-21 11:20:53,221699,210464,4371
2021-05-21 12:21:14,221699,210464,4371
2021-05-21 13:20:55,221699,210464,4371
2021-05-21 21:21:12,221699,210464,4371
2021-05-22 16:21:40,221880,210835,4386
2021-05-22 18:21:37,221880,210835,4386
2021-05-22 20:21:37,221880,210835,4386
2021-05-22 21:21:32,221880,210835,4386
2021-05-22 22:21:33,221880,210835,4386
2021-05-22 23:21:51,221880,210835,4386
2021-05-23 00:21:36,221880,210835,4386
2021-05-23 01:21:41,221880,210835,4386
2021-05-23 02:20:46,221880,210835,4386
2021-05-23 03:20:47,221880,210835,4386
2021-05-23 04:20:51,221880,210835,4386
2021-05-23 05:20:46,221880,210835,4386
2021-05-23 06:20:50,221880,210835,4386
2021-05-23 07:20:44,221948,211057,4392
2021-05-23 10:20:49,221948,211057,4392
2021-05-23 11:21:15,221948,211057,4392
2021-05-23 12:20:54,221948,211057,4392
2021-05-23 14:21:11,221948,211057,4392
2021-05-23 15:20:53,221948,211057,4392
2021-05-23 17:20:59,221948,211057,4392
2021-05-23 18:21:09,221948,211057,4392
2021-05-23 19:20:57,221948,211057,4392
2021-05-23 22:21:12,221948,211057,4392
2021-05-23 23:20:59,221948,211057,4392
2021-05-24 01:20:57,221948,211057,4392
2021-05-24 03:21:23,221948,211057,4392
2021-05-24 04:20:53,221948,211057,4392
2021-05-24 05:20:51,221948,211057,4392
2021-05-24 06:20:48,221948,211057,4392
2021-05-24 07:20:47,221982,211375,4394
2021-05-24 08:20:54,221982,211375,4394
2021-05-24 10:20:54,221982,211375,4394
2021-05-24 11:21:03,221982,211375,4394
2021-05-24 22:20:55,221982,211375,4394
2021-05-25 13:21:10,222139,211634,4400
2021-05-25 22:20:50,222139,211634,4400
2021-05-28 21:20:54,222513,212566,4423
2021-05-30 00:20:49,222555,212752,4428
2021-05-30 01:20:52,222555,212752,4428
2021-05-30 03:20:48,222555,212752,4428
2021-05-30 04:20:55,222555,212752,4428
2021-05-30 05:20:54,222555,212752,4428
2021-05-30 06:20:47,222555,212752,4428
2021-05-30 09:20:52,222636,212981,4432
2021-05-30 14:20:54,222636,212981,4432
2021-05-30 16:21:29,222636,212981,4432
2021-05-30 18:21:26,222636,212981,4432
2021-05-30 23:20:34,222636,212981,4432
2021-06-01 15:24:01,222778,213429,4445
2021-06-02 14:24:03,222870,213578,4446
2021-06-04 21:23:25,223050,214059,4452
2021-06-05 02:23:53,223050,214059,4452
2021-06-05 03:23:42,223050,214059,4452
2021-06-05 14:23:54,223143,214268,4454
2021-06-05 15:24:36,223143,214268,4454
2021-06-05 16:23:18,223143,214268,4454
2021-06-05 17:21:18,223143,214268,4454
2021-06-05 18:23:40,223143,214268,4454
2021-06-05 19:23:45,223143,214268,4454
2021-06-05 20:23:58,223143,214268,4454
2021-06-05 21:23:47,223143,214268,4454
2021-06-05 22:23:26,223143,214268,4454
2021-06-05 23:23:54,223143,214268,4454
2021-06-06 00:23:43,223143,214268,4454
2021-06-06 01:23:09,223143,214268,4454
2021-06-06 02:23:38,223143,214268,4454
2021-06-06 03:23:42,223143,214268,4454
2021-06-06 04:24:03,223143,214268,4454
2021-06-06 05:22:43,223143,214268,4454
2021-06-06 06:23:40,223143,214268,4454
2021-06-06 07:23:37,223143,214268,4454
2021-06-06 08:22:17,223180,214363,4458
2021-06-06 09:21:41,223180,214363,4458
2021-06-06 10:23:23,223180,214363,4458
2021-06-06 11:23:03,223180,214363,4458
2021-06-06 12:23:55,223180,214363,4458
2021-06-06 13:23:57,223180,214363,4458
2021-06-06 14:23:53,223180,214363,4458
2021-06-06 15:23:58,223180,214363,4458
2021-06-06 16:24:02,223180,214363,4458
2021-06-06 17:23:50,223180,214363,4458
2021-06-06 18:23:15,223180,214363,4458
2021-06-06 19:23:23,223180,214363,4458
2021-06-06 20:23:31,223180,214363,4458
2021-06-06 21:23:24,223180,214363,4458
2021-06-07 13:23:24,223212,214504,4463
2021-06-08 17:23:00,223285,214609,4463
2021-06-08 18:22:54,223285,214609,4463
2021-06-08 19:23:34,223285,214609,4463
2021-06-08 21:23:23,223285,214609,4463
2021-06-08 23:23:23,223285,214609,4463
2021-06-09 01:23:21,223285,214609,4463
2021-06-09 02:23:26,223285,214609,4463
2021-06-09 03:23:34,223285,214609,4463
2021-06-09 04:23:31,223285,214609,4463
2021-06-09 05:22:50,223285,214609,4463
2021-06-09 06:22:31,223285,214609,4463
2021-06-09 07:22:38,223285,214609,4463
2021-06-09 09:21:11,223384,214690,4474
2021-06-09 10:22:26,223384,214690,4474
2021-06-09 11:22:50,223384,214690,4474
2021-06-09 12:23:38,223384,214690,4474
2021-06-09 13:23:45,223384,214690,4474
2021-06-09 14:23:24,223384,214690,4474
2021-06-09 22:23:07,223384,214690,4474
2021-06-14 14:22:11,223723,215228,4488
2021-06-16 22:22:36,223904,215533,4490
2021-06-17 00:22:17,223904,215533,4490
2021-06-17 01:22:19,223904,215533,4490
2021-06-17 02:22:15,223904,215533,4490
2021-06-17 03:22:28,223904,215533,4490
2021-06-17 04:22:36,223904,215533,4490
2021-06-17 05:21:38,223904,215533,4490
2021-06-17 14:22:39,224000,215655,4491
2021-06-19 04:22:33,224086,215893,4492
2021-06-19 10:22:31,224167,215999,4496
2021-06-19 13:22:32,224167,215999,4496
2021-06-20 16:21:53,224227,216049,4498
2021-06-21 04:21:41,224227,216049,4498
2021-06-21 14:22:16,224253,216112,4499
2021-06-21 17:21:56,224253,216112,4499
2021-06-21 18:22:00,224253,216112,4499
2021-06-21 19:21:47,224253,216112,4499
2021-06-23 13:21:42,224430,216230,4503
2021-06-23 15:21:48,224430,216230,4503
2021-06-23 17:21:47,224430,216230,4503
2021-06-23 18:21:43,224430,216230,4503
2021-06-23 20:21:37,224430,216230,4503
2021-06-25 22:21:39,224635,216423,4505
2021-06-28 13:21:42,224851,216645,4510
2021-07-01 23:21:20,225221,216882,4517
2021-07-02 00:21:21,225221,216882,4517
2021-07-02 01:21:22,225221,216882,4517
2021-07-02 02:21:21,225221,216882,4517
2021-07-02 03:21:25,225221,216882,4517
2021-07-02 04:21:47,225221,216882,4517
2021-07-02 05:21:09,225221,216882,4517
2021-07-02 06:21:29,225221,216882,4517
2021-07-02 07:21:32,225221,216882,4517
2021-07-02 08:21:09,225339,216997,4518
2021-07-02 09:20:58,225339,216997,4518
2021-07-02 10:21:35,225339,216997,4518
2021-07-02 11:21:34,225339,216997,4518
2021-07-02 12:21:50,225339,216997,4518
2021-07-02 14:21:27,225339,216997,4518
2021-07-03 19:21:29,225464,217074,4521
2021-07-04 13:21:36,225553,217131,4526
2021-07-04 14:21:42,225553,217131,4526
2021-07-04 16:21:36,225553,217131,4526
2021-07-04 17:21:30,225553,217131,4526
2021-07-04 18:21:30,225553,217131,4526
2021-07-04 19:21:25,225553,217131,4526
2021-07-04 20:21:44,225553,217131,4526
2021-07-04 21:21:37,225553,217131,4526
2021-07-04 22:21:36,225553,217131,4526
2021-07-04 23:21:30,225553,217131,4526
2021-07-05 00:21:31,225553,217131,4526
2021-07-05 01:21:33,225553,217131,4526
2021-07-05 02:21:37,225553,217131,4526
2021-07-05 03:21:33,225553,217131,4526
2021-07-05 04:21:28,225553,217131,4526
2021-07-05 05:21:12,225553,217131,4526
2021-07-05 06:21:31,225553,217131,4526
2021-07-05 07:21:31,225553,217131,4526
2021-07-05 08:21:08,225606,217198,4527
2021-07-05 09:21:00,225606,217198,4527
2021-07-05 10:21:27,225606,217198,4527
2021-07-05 11:21:38,225606,217198,4527
2021-07-05 12:21:41,225606,217198,4527
2021-07-05 13:21:42,225606,217198,4527
2021-07-05 15:21:42,225606,217198,4527
2021-07-05 16:21:41,225606,217198,4527
2021-07-05 21:21:31,225606,217198,4527
2021-07-05 22:21:30,225606,217198,4527
2021-07-05 23:21:32,225606,217198,4527
2021-07-06 00:21:29,225606,217198,4527
2021-07-06 01:21:46,225606,217198,4527
2021-07-06 02:21:36,225606,217198,4527
2021-07-06 03:21:50,225606,217198,4527
2021-07-06 04:21:32,225606,217198,4527
2021-07-06 05:21:23,225606,217198,4527
2021-07-06 06:21:18,225606,217198,4527
2021-07-06 08:21:02,225661,217250,4530
2021-07-06 09:21:01,225661,217250,4530
2021-07-06 10:21:28,225661,217250,4530
2021-07-06 11:21:26,225661,217250,4530
2021-07-06 12:21:26,225661,217250,4530
2021-07-06 23:21:19,225661,217250,4530
2021-07-07 00:21:26,225661,217250,4530
2021-07-07 01:21:22,225661,217250,4530
2021-07-07 02:21:27,225661,217250,4530
2021-07-07 03:21:25,225661,217250,4530
2021-07-07 04:21:20,225661,217250,4530
2021-07-07 05:21:01,225661,217250,4530
2021-07-07 06:21:20,225661,217250,4530
2021-07-07 07:21:21,225801,217303,4531
2021-07-07 08:20:53,225801,217303,4531
2021-07-07 09:21:00,225801,217303,4531
2021-07-07 10:21:36,225801,217303,4531
2021-07-07 11:21:31,225801,217303,4531
2021-07-07 20:21:18,225801,217303,4531
2021-07-07 21:21:22,225801,217303,4531
2021-07-07 23:21:36,225801,217303,4531
2021-07-08 00:21:28,225801,217303,4531
2021-07-08 01:21:26,225801,217303,4531
2021-07-08 03:21:17,225801,217303,4531
2021-07-08 04:21:26,225801,217303,4531
2021-07-08 05:21:10,225801,217303,4531
2021-07-08 06:21:31,225801,217303,4531
2021-07-08 07:21:28,225801,217303,4531
2021-07-08 08:21:03,225987,217381,4536
2021-07-08 09:20:57,225987,217381,4536
2021-07-08 10:21:30,225987,217381,4536
2021-07-08 11:21:33,225987,217381,4536
2021-07-08 12:21:30,225987,217381,4536
2021-07-08 13:21:32,225987,217381,4536
2021-07-08 22:22:08,225987,217381,4536
2021-07-09 21:21:21,226135,217490,4540
2021-07-10 14:21:26,226285,217587,4542
2021-07-10 16:21:25,226285,217587,4542
2021-07-10 17:21:25,226285,217587,4542
2021-07-10 18:21:41,226285,217587,4542
2021-07-10 19:21:20,226285,217587,4542
2021-07-10 20:21:18,226285,217587,4542
2021-07-10 21:21:19,226285,217587,4542
2021-07-10 22:21:18,226285,217587,4542
2021-07-11 00:21:44,226285,217587,4542
2021-07-11 01:21:48,226285,217587,4542
2021-07-11 02:21:39,226285,217587,4542
2021-07-11 03:21:36,226285,217587,4542
2021-07-11 04:21:43,226285,217587,4542
2021-07-11 05:21:25,226285,217587,4542
2021-07-11 06:21:36,226285,217587,4542
2021-07-11 08:21:21,226388,217658,4544
2021-07-11 09:21:14,226388,217658,4544
2021-07-11 10:21:40,226388,217658,4544
2021-07-11 11:21:35,226388,217658,4544
2021-07-11 12:21:39,226388,217658,4544
2021-07-11 13:21:38,226388,217658,4544
2021-07-11 14:21:43,226388,217658,4544
2021-07-11 16:21:47,226388,217658,4544
2021-07-11 17:21:42,226388,217658,4544
2021-07-11 18:21:39,226388,217658,4544
2021-07-11 19:21:31,226388,217658,4544
2021-07-11 20:21:32,226388,217658,4544
2021-07-13 00:21:42,226459,217731,4547
2021-07-13 12:21:52,226597,217810,4549
2021-07-13 14:21:47,226597,217810,4549
2021-07-14 22:21:36,226756,217896,4552
2021-07-15 21:20:56,226949,218022,4556
2021-07-15 22:21:46,226949,218022,4556
2021-07-16 00:21:35,226949,218022,4556
2021-07-16 02:21:59,226949,218022,4556
2021-07-16 03:21:23,226949,218022,4556
2021-07-16 04:21:22,226949,218022,4556
2021-07-16 05:20:59,226949,218022,4556
2021-07-16 06:21:23,226949,218022,4556
2021-07-16 08:20:53,227111,218128,4558
2021-07-16 09:20:47,227111,218128,4558
2021-07-16 10:21:22,227111,218128,4558
2021-07-16 11:21:22,227111,218128,4558
2021-07-16 12:21:32,227111,218128,4558
2021-07-16 13:21:26,227111,218128,4558
2021-07-16 14:21:30,227111,218128,4558
2021-07-16 20:22:08,227111,218128,4558
2021-07-17 21:22:10,227298,218242,4559
2021-07-17 22:22:03,227298,218242,4559
2021-07-17 23:21:56,227298,218242,4559
2021-07-18 00:21:59,227298,218242,4559
2021-07-18 01:22:03,227298,218242,4559
2021-07-18 02:22:02,227298,218242,4559
2021-07-18 03:22:08,227298,218242,4559
2021-07-18 04:22:07,227298,218242,4559
2021-07-18 05:21:48,227298,218242,4559
2021-07-18 06:22:09,227298,218242,4559
2021-07-18 07:22:05,227298,218242,4559
2021-07-18 08:21:48,227430,218331,4566
2021-07-18 09:21:42,227430,218331,4566
2021-07-18 10:22:11,227430,218331,4566
2021-07-18 11:22:09,227430,218331,4566
2021-07-18 12:22:02,227430,218331,4566
2021-07-18 13:22:06,227430,218331,4566
2021-07-18 14:22:10,227430,218331,4566
2021-07-18 15:21:31,227430,218331,4566
2021-07-18 16:21:34,227430,218331,4566
2021-07-18 18:21:21,227430,218331,4566
2021-07-18 19:21:25,227430,218331,4566
2021-07-18 20:21:23,227430,218331,4566
2021-07-18 21:21:27,227430,218331,4566
2021-07-18 22:21:25,227430,218331,4566
2021-07-19 00:21:33,227430,218331,4566
2021-07-19 01:21:40,227430,218331,4566
2021-07-19 02:21:57,227430,218331,4566
2021-07-19 03:21:18,227430,218331,4566
2021-07-19 04:21:24,227430,218331,4566
2021-07-19 05:21:04,227430,218331,4566
2021-07-19 06:21:23,227430,218331,4566
2021-07-19 07:21:22,227430,218331,4566
2021-07-19 08:21:05,227522,218427,4569
2021-07-19 09:20:59,227522,218427,4569
2021-07-19 10:21:33,227522,218427,4569
2021-07-19 11:21:39,227522,218427,4569
2021-07-19 13:21:42,227522,218427,4569
2021-07-19 14:21:43,227522,218427,4569
2021-07-19 15:21:41,227522,218427,4569
2021-07-19 16:22:04,227522,218427,4569
2021-07-19 17:21:36,227522,218427,4569
2021-07-19 18:21:43,227522,218427,4569
2021-07-19 19:21:37,227522,218427,4569
2021-07-19 21:21:36,227522,218427,4569
2021-07-19 22:21:29,227522,218427,4569
2021-07-20 00:21:33,227522,218427,4569
2021-07-20 01:21:36,227522,218427,4569
2021-07-20 02:21:38,227522,218427,4569
2021-07-20 03:21:56,227522,218427,4569
2021-07-20 04:21:48,227522,218427,4569
2021-07-20 05:21:15,227522,218427,4569
2021-07-20 06:21:34,227522,218427,4569
2021-07-20 08:21:08,227716,218529,4572
2021-07-20 09:21:04,227716,218529,4572
2021-07-20 10:21:33,227716,218529,4572
2021-07-20 11:21:42,227716,218529,4572
2021-07-20 12:21:44,227716,218529,4572
2021-07-20 14:21:42,227716,218529,4572
2021-07-20 16:22:02,227716,218529,4572
2021-07-20 17:21:31,227716,218529,4572
2021-07-20 18:21:28,227716,218529,4572
2021-07-20 19:21:27,227716,218529,4572
2021-07-20 20:21:43,227716,218529,4572
2021-07-20 23:21:20,227716,218529,4572
2021-07-21 00:21:17,227716,218529,4572
2021-07-21 01:21:18,227716,218529,4572
2021-07-21 02:21:25,227716,218529,4572
2021-07-21 18:21:33,227936,218585,4573
2021-07-21 19:21:33,227936,218585,4573
2021-07-21 20:21:32,227936,218585,4573
2021-07-22 05:21:01,227936,218585,4573
2021-07-22 15:21:51,228161,218676,4575
2021-07-22 17:21:17,228161,218676,4575
2021-07-22 18:21:23,228161,218676,4575
2021-07-22 19:21:27,228161,218676,4575
2021-07-22 20:21:39,228161,218676,4575
2021-07-23 16:21:44,228382,218796,4579
2021-07-23 17:21:46,228382,218796,4579
2021-07-26 13:21:40,228910,219168,4590
2021-07-26 14:21:42,228910,219168,4590
2021-07-26 16:22:10,228910,219168,4590
2021-07-27 14:21:26,229090,219280,4597
2021-07-27 16:21:29,229090,219280,4597
2021-07-27 17:21:33,229090,219280,4597
2021-07-27 18:21:36,229090,219280,4597
2021-07-27 20:21:32,229090,219280,4597
2021-07-27 21:21:53,229090,219280,4597
2021-07-27 22:21:47,229090,219280,4597
2021-07-28 00:21:37,229090,219280,4597
2021-07-28 01:21:49,229090,219280,4597
2021-07-28 02:21:35,229090,219280,4597
2021-07-28 03:21:03,229090,219280,4597
2021-07-28 04:21:39,229090,219280,4597
2021-07-28 05:21:24,229090,219280,4597
2021-07-28 06:21:44,229090,219280,4597
2021-07-28 08:21:19,229370,219379,4597
2021-07-28 09:21:13,229370,219379,4597
2021-07-28 10:21:44,229370,219379,4597
2021-07-28 11:21:42,229370,219379,4597
2021-07-28 12:22:08,229370,219379,4597
2021-07-28 13:21:56,229370,219379,4597
2021-07-28 14:21:54,229370,219379,4597
2021-07-28 16:21:34,229370,219379,4597
2021-07-28 17:21:43,229370,219379,4597
2021-07-28 19:21:21,229370,219379,4597
2021-07-28 20:21:41,229370,219379,4597
2021-07-28 21:21:27,229370,219379,4597
2021-07-28 22:21:42,229370,219379,4597
2021-07-29 00:21:31,229370,219379,4597
2021-07-29 01:21:25,229370,219379,4597
2021-07-29 02:21:44,229370,219379,4597
2021-07-29 03:21:53,229370,219379,4597
2021-07-29 04:21:33,229370,219379,4597
2021-07-29 05:21:18,229370,219379,4597
2021-07-29 06:21:29,229370,219379,4597
2021-07-29 08:21:08,229603,219502,4604
2021-07-29 09:21:02,229603,219502,4604
2021-07-29 10:21:30,229603,219502,4604
2021-07-29 11:21:44,229603,219502,4604
2021-07-29 12:21:42,229603,219502,4604
2021-07-29 13:21:42,229603,219502,4604
2021-07-29 14:21:36,229603,219502,4604
2021-07-29 16:21:43,229603,219502,4604
2021-07-29 17:21:45,229603,219502,4604
2021-07-29 18:21:43,229603,219502,4604
2021-07-29 19:22:06,229603,219502,4604
2021-07-29 20:21:36,229603,219502,4604
2021-07-29 21:21:29,229603,219502,4604
2021-07-29 22:21:33,229603,219502,4604
2021-07-30 00:21:41,229603,219502,4604
2021-07-30 01:21:37,229603,219502,4604
2021-07-30 02:21:42,229603,219502,4604
2021-07-30 03:22:03,229603,219502,4604
2021-07-30 04:21:34,229603,219502,4604
2021-07-30 05:21:34,229603,219502,4604
2021-07-30 06:21:47,229603,219502,4604
2021-07-30 08:21:09,229867,219701,4608
2021-07-30 09:20:59,229867,219701,4608
2021-07-30 10:21:26,229867,219701,4608
2021-07-30 11:21:29,229867,219701,4608
2021-07-30 12:21:31,229867,219701,4608
2021-07-30 13:21:28,229867,219701,4608
2021-07-30 14:21:32,229867,219701,4608
2021-07-30 16:21:43,229867,219701,4608
2021-07-30 17:21:28,229867,219701,4608
2021-07-30 18:21:36,229867,219701,4608
2021-07-30 19:21:38,229867,219701,4608
2021-07-30 21:21:32,229867,219701,4608
2021-07-30 22:21:32,229867,219701,4608
2021-07-31 00:22:03,229867,219701,4608
2021-07-31 01:21:32,229867,219701,4608
2021-07-31 02:21:55,229867,219701,4608
2021-07-31 03:21:29,229867,219701,4608
2021-07-31 04:21:35,229867,219701,4608
2021-07-31 06:21:36,229867,219701,4608
2021-07-31 08:21:12,230110,219864,4614
2021-07-31 09:21:06,230110,219864,4614
2021-07-31 10:21:32,230110,219864,4614
2021-07-31 11:21:32,230110,219864,4614
2021-07-31 12:21:33,230110,219864,4614
2021-07-31 13:21:54,230110,219864,4614
2021-07-31 14:21:51,230110,219864,4614
2021-07-31 16:21:50,230110,219864,4614
2021-07-31 17:21:31,230110,219864,4614
2021-07-31 18:21:31,230110,219864,4614
2021-07-31 19:21:30,230110,219864,4614
2021-07-31 20:21:33,230110,219864,4614
2021-07-31 21:21:34,230110,219864,4614
2021-07-31 22:21:35,230110,219864,4614
2021-07-31 23:21:38,230110,219864,4614
2021-08-01 00:21:33,230110,219864,4614
2021-08-01 01:21:30,230110,219864,4614
2021-08-01 02:21:32,230110,219864,4614
2021-08-01 03:21:30,230110,219864,4614
2021-08-01 04:21:50,230110,219864,4614
2021-08-01 05:21:17,230110,219864,4614
2021-08-01 06:21:40,230110,219864,4614
2021-08-01 08:21:10,230339,219986,4619
2021-08-01 09:21:05,230339,219986,4619
2021-08-01 10:21:39,230339,219986,4619
2021-08-01 11:21:40,230339,219986,4619
2021-08-01 12:21:40,230339,219986,4619
2021-08-01 13:21:42,230339,219986,4619
2021-08-01 17:21:32,230339,219986,4619
2021-08-01 18:21:42,230339,219986,4619
2021-08-01 20:21:40,230339,219986,4619
2021-08-01 21:21:35,230339,219986,4619
2021-08-01 22:21:36,230339,219986,4619
2021-08-02 00:21:33,230339,219986,4619
2021-08-02 01:21:40,230339,219986,4619
2021-08-02 02:22:01,230339,219986,4619
2021-08-02 03:21:59,230339,219986,4619
2021-08-02 04:21:36,230339,219986,4619
2021-08-02 05:21:17,230339,219986,4619
2021-08-02 06:21:36,230339,219986,4619
2021-08-02 08:21:15,230476,220133,4621
2021-08-02 09:21:11,230476,220133,4621
2021-08-02 10:21:49,230476,220133,4621
2021-08-02 11:21:49,230476,220133,4621
2021-08-02 12:21:53,230476,220133,4621
2021-08-02 13:21:45,230476,220133,4621
2021-08-02 14:21:45,230476,220133,4621
2021-08-02 16:21:50,230476,220133,4621
2021-08-02 17:22:06,230476,220133,4621
2021-08-02 18:22:02,230476,220133,4621
2021-08-02 19:21:46,230476,220133,4621
2021-08-02 20:21:43,230476,220133,4621
2021-08-02 21:21:43,230476,220133,4621
2021-08-02 22:22:01,230476,220133,4621
2021-08-03 00:21:48,230476,220133,4621
2021-08-03 01:22:04,230476,220133,4621
2021-08-03 02:22:01,230476,220133,4621
2021-08-03 03:21:47,230476,220133,4621
2021-08-03 04:21:39,230476,220133,4621
2021-08-03 05:21:35,230476,220133,4621
2021-08-03 06:21:31,230476,220133,4621
2021-08-03 08:21:08,230713,220289,4621
2021-08-03 09:21:05,230713,220289,4621
2021-08-03 10:21:34,230713,220289,4621
2021-08-03 11:21:34,230713,220289,4621
2021-08-03 12:21:38,230713,220289,4621
2021-08-03 13:21:33,230713,220289,4621
2021-08-03 14:21:36,230713,220289,4621
2021-08-03 16:21:33,230713,220289,4621
2021-08-03 17:22:03,230713,220289,4621
2021-08-03 18:21:27,230713,220289,4621
2021-08-03 19:20:45,230713,220289,4621
2021-08-03 20:21:25,230713,220289,4621
2021-08-03 21:21:35,230713,220289,4621
2021-08-03 22:21:15,230713,220289,4621
2021-08-04 16:20:55,230993,220438,4625
2021-08-04 17:21:30,230993,220438,4625
2021-08-04 18:21:36,230993,220438,4625
2021-08-04 20:21:41,230993,220438,4625
2021-08-04 21:21:45,230993,220438,4625
2021-08-04 22:21:44,230993,220438,4625
2021-08-05 00:21:39,230993,220438,4625
2021-08-05 01:21:38,230993,220438,4625
2021-08-05 02:22:00,230993,220438,4625
2021-08-05 03:22:01,230993,220438,4625
2021-08-05 04:21:51,230993,220438,4625
2021-08-05 05:20:56,230993,220438,4625
2021-08-05 06:21:19,230993,220438,4625
2021-08-05 08:20:54,231322,220617,4632
2021-08-05 09:20:48,231322,220617,4632
2021-08-05 10:21:22,231322,220617,4632
2021-08-05 11:21:19,231322,220617,4632
2021-08-05 12:21:14,231322,220617,4632
2021-08-05 14:21:21,231322,220617,4632
2021-08-05 15:21:25,231322,220617,4632
2021-08-05 17:21:33,231322,220617,4632
2021-08-05 18:21:36,231322,220617,4632
2021-08-05 19:21:32,231322,220617,4632
2021-08-05 21:21:34,231322,220617,4632
2021-08-05 22:21:37,231322,220617,4632
2021-08-06 00:21:38,231322,220617,4632
2021-08-06 01:22:59,231322,0,4632
2021-08-06 02:23:07,231322,0,4632
2021-08-06 03:21:11,231322,0,4632
2021-08-06 04:21:18,231322,0,4632
2021-08-06 05:21:02,231322,0,4632
2021-08-06 06:21:32,231322,0,4632
2021-08-06 08:20:50,231625,0,4636
2021-08-06 09:20:54,231625,0,4636
2021-08-06 10:21:24,231625,0,4636
2021-08-06 11:21:25,231625,0,4636
2021-08-06 12:21:39,231625,0,4636
2021-08-06 13:21:17,231625,0,4636
2021-08-06 14:21:17,231625,0,4636
2021-08-06 15:21:14,231625,0,4636
2021-08-06 17:21:14,231625,0,4636
2021-08-06 18:21:28,231625,0,4636
2021-08-06 19:21:27,231625,0,4636
2021-08-06 21:21:43,231625,0,4636
2021-08-06 22:21:17,231625,0,4636
2021-08-07 00:21:30,231625,0,4636
2021-08-07 01:21:56,231625,0,4636
2021-08-07 02:21:26,231625,0,4636
2021-08-07 03:21:44,231625,0,4636
2021-08-07 04:21:30,231625,0,4636
2021-08-07 05:21:08,231625,0,4636
2021-08-07 06:21:22,231625,0,4636
2021-08-07 07:21:29,231625,0,4636
2021-08-07 08:21:11,231923,0,4641
2021-08-07 09:21:04,231923,0,4641
2021-08-07 10:21:33,231923,0,4641
2021-08-07 11:21:38,231923,0,4641
2021-08-07 12:21:35,231923,0,4641
2021-08-07 13:21:33,231923,0,4641
2021-08-07 14:21:33,231923,0,4641
2021-08-07 15:21:33,231923,0,4641
2021-08-07 16:20:53,231923,0,4641
2021-08-07 17:21:34,231923,0,4641
2021-08-07 18:21:05,231923,0,4641
2021-08-07 19:21:07,231923,0,4641
2021-08-07 20:20:49,231923,0,4641
2021-08-07 21:20:58,231923,0,4641
2021-08-07 22:21:25,231923,0,4641
2021-08-08 00:21:24,231923,0,4641
2021-08-08 01:21:28,231923,0,4641
2021-08-08 02:21:28,231923,0,4641
2021-08-08 03:21:30,231923,0,4641
2021-08-08 04:21:33,231923,0,4641
2021-08-08 05:21:18,231923,0,4641
2021-08-08 06:21:38,231923,0,4641
2021-08-08 07:21:29,231923,0,4641
2021-08-08 08:21:04,231923,0,4641
2021-08-08 09:21:05,231923,0,4641
2021-08-08 10:21:31,231923,0,4641
2021-08-08 12:21:34,232157,0,4650
2021-08-08 13:21:32,232157,0,4650
2021-08-08 14:21:32,232157,0,4650
2021-08-08 16:21:33,232157,0,4650
2021-08-08 17:21:29,232157,0,4650
2021-08-08 18:21:29,232157,0,4650
2021-08-08 19:21:35,232157,0,4650
2021-08-08 20:21:33,232157,0,4650
2021-08-08 21:21:36,232157,0,4650
2021-08-08 22:21:35,232157,0,4650
2021-08-09 00:21:51,232157,0,4650
2021-08-09 01:21:22,232157,0,4650
2021-08-09 02:21:30,232157,0,4650
2021-08-09 03:21:44,232157,0,4650
2021-08-09 04:21:24,232157,0,4650
2021-08-09 05:21:10,232157,0,4650
2021-08-09 06:21:22,232157,0,4650
2021-08-09 08:21:01,232297,0,4653
2021-08-09 09:20:59,232297,0,4653
2021-08-09 10:21:35,232297,0,4653
2021-08-09 11:21:35,232297,0,4653
2021-08-09 12:21:32,232297,0,4653
2021-08-09 13:21:32,232297,0,4653
2021-08-09 14:21:30,232297,0,4653
2021-08-09 15:21:32,232297,0,4653
2021-08-09 16:21:38,232297,0,4653
2021-08-09 17:21:34,232297,0,4653
2021-08-09 18:21:47,232297,0,4653
2021-08-09 19:21:25,232297,0,4653
2021-08-09 20:21:32,232297,0,4653
2021-08-09 21:21:31,232297,0,4653
2021-08-09 22:21:33,232297,0,4653
2021-08-09 23:21:31,232297,0,4653
2021-08-10 01:21:43,232297,0,4653
2021-08-10 02:21:57,232297,0,4653
2021-08-10 03:21:42,232297,0,4653
2021-08-10 04:21:27,232297,0,4653
2021-08-10 05:21:14,232297,0,4653
2021-08-10 06:21:33,232297,0,4653
2021-08-10 08:21:09,232610,0,4658
2021-08-10 09:21:04,232610,0,4658
2021-08-10 11:21:18,232610,0,4658
2021-08-10 12:21:33,232610,0,4658
2021-08-10 13:21:32,232610,0,4658
2021-08-10 14:21:36,232610,0,4658
2021-08-10 16:21:30,232610,0,4658
2021-08-10 17:21:34,232610,0,4658
2021-08-10 18:21:51,232610,0,4658
2021-08-10 19:21:27,232610,0,4658
2021-08-10 20:21:31,232610,0,4658
2021-08-10 21:21:40,232610,0,4658
2021-08-10 22:21:36,232610,0,4658
2021-08-10 23:21:42,232610,0,4658
2021-08-11 02:21:30,232610,0,4658
2021-08-11 03:21:37,232610,0,4658
2021-08-11 04:21:58,232610,0,4658
2021-08-11 05:21:11,232610,0,4658
2021-08-11 06:21:31,232610,0,4658
2021-08-11 08:21:05,233001,0,4664
2021-08-11 09:21:06,233001,0,4664
2021-08-11 10:21:28,233001,0,4664
2021-08-11 11:21:32,233001,0,4664
2021-08-11 12:21:29,233001,0,4664
2021-08-11 13:21:35,233001,0,4664
2021-08-11 14:21:33,233001,0,4664
2021-08-11 16:21:38,233001,0,4664
2021-08-11 17:21:36,233001,0,4664
2021-08-11 18:21:37,233001,0,4664
2021-08-11 19:21:35,233001,0,4664
2021-08-11 20:21:48,233001,0,4664
2021-08-11 21:21:39,233001,0,4664
2021-08-11 22:21:39,233001,0,4664
2021-08-11 23:21:40,233001,0,4664
2021-08-12 00:21:43,233001,0,4664
2021-08-12 01:22:00,233001,0,4664
2021-08-12 02:21:30,233001,0,4664
2021-08-12 03:21:27,233001,0,4664
2021-08-12 04:21:25,233001,0,4664
2021-08-12 05:21:12,233001,0,4664
2021-08-12 06:21:27,233001,0,4664
2021-08-12 07:21:26,233001,0,4664
2021-08-12 08:21:05,233400,0,4669
2021-08-12 09:21:04,233400,0,4669
2021-08-12 10:21:33,233400,0,4669
2021-08-12 11:21:29,233400,0,4669
2021-08-12 12:21:28,233400,0,4669
2021-08-12 14:21:29,233400,0,4669
2021-08-12 15:21:30,233400,0,4669
2021-08-12 16:21:27,233400,0,4669
2021-08-12 17:21:30,233400,0,4669
2021-08-12 18:21:52,233400,0,4669
2021-08-12 19:21:29,233400,0,4669
2021-08-12 21:22:15,233400,0,4669
2021-08-12 23:21:30,233400,0,4669
2021-08-13 00:21:31,233400,0,4669
2021-08-13 01:21:49,233400,0,4669
2021-08-13 02:21:29,233400,0,4669
2021-08-13 03:21:26,233400,0,4669
2021-08-13 05:21:07,233400,0,4669
2021-08-13 06:21:22,233400,0,4669
2021-08-13 07:21:25,233400,0,4669
2021-08-13 09:21:00,233797,0,4678
2021-08-13 10:21:26,233797,0,4678
2021-08-13 11:21:31,233797,0,4678
2021-08-13 13:21:23,233797,0,4678
2021-08-13 14:21:26,233797,0,4678
2021-08-13 15:21:00,233797,0,4678
2021-08-13 16:21:25,233797,0,4678
2021-08-13 17:21:29,233797,0,4678
2021-08-13 19:21:28,233797,0,4678
2021-08-13 20:21:43,233797,0,4678
2021-08-13 21:21:24,233797,0,4678
2021-08-13 22:21:26,233797,0,4678
2021-08-13 23:21:31,233797,0,4678
2021-08-14 00:21:36,233797,0,4678
2021-08-14 01:21:46,233797,0,4678
2021-08-14 02:21:24,233797,0,4678
2021-08-14 03:21:28,233797,0,4678
2021-08-14 04:21:25,233797,0,4678
2021-08-14 05:21:08,233797,0,4678
2021-08-14 06:21:23,233797,0,4678
2021-08-14 09:20:59,234227,0,4685
2021-08-14 10:21:27,234227,0,4685
2021-08-14 11:21:29,234227,0,4685
2021-08-14 12:21:27,234227,0,4685
2021-08-14 13:21:42,234227,0,4685
2021-08-14 14:21:40,234227,0,4685
2021-08-14 15:21:25,234227,0,4685
2021-08-14 16:21:27,234227,0,4685
2021-08-14 17:21:29,234227,0,4685
2021-08-14 18:21:50,234227,0,4685
2021-08-14 19:21:52,234227,0,4685
2021-08-14 20:21:46,234227,0,4685
2021-08-14 21:21:39,234227,0,4685
2021-08-14 22:21:47,234227,0,4685
2021-08-14 23:21:46,234227,0,4685
2021-08-15 00:22:06,234227,0,4685
2021-08-15 01:21:43,234227,0,4685
2021-08-15 02:21:40,234227,0,4685
2021-08-15 03:21:49,234227,0,4685
2021-08-15 04:21:41,234227,0,4685
2021-08-15 05:21:15,234227,0,4685
2021-08-15 06:21:31,234227,0,4685
2021-08-15 07:21:55,234227,0,4685
2021-08-15 08:21:05,234558,0,4695
2021-08-15 09:21:01,234558,0,4695
2021-08-15 10:21:30,234558,0,4695
2021-08-15 11:21:32,234558,0,4695
2021-08-15 12:21:31,234558,0,4695
2021-08-15 13:21:29,234558,0,4695
2021-08-15 15:21:37,234558,0,4695
2021-08-15 16:21:36,234558,0,4695
2021-08-15 18:21:31,234558,0,4695
2021-08-15 19:21:46,234558,0,4695
2021-08-15 20:21:25,234558,0,4695
2021-08-15 21:21:27,234558,0,4695
2021-08-15 22:21:28,234558,0,4695
2021-08-15 23:21:26,234558,0,4695
2021-08-16 00:21:23,234558,0,4695
2021-08-16 01:21:25,234558,0,4695
2021-08-16 02:21:28,234558,0,4695
2021-08-16 04:21:31,234558,0,4695
2021-08-16 05:21:10,234558,0,4695
2021-08-16 06:21:31,234558,0,4695
2021-08-16 07:21:27,234558,0,4695
2021-08-16 08:21:05,234814,0,4702
2021-08-16 09:21:03,234814,0,4702
2021-08-16 10:21:33,234814,0,4702
2021-08-16 11:21:37,234814,0,4702
2021-08-16 13:21:40,234814,0,4702
2021-08-16 15:21:37,234814,0,4702
2021-08-16 16:21:35,234814,0,4702
2021-08-16 17:21:36,234814,0,4702
2021-08-16 18:21:40,234814,0,4702
2021-08-16 19:21:57,234814,0,4702
2021-08-16 21:21:32,234814,0,4702
2021-08-16 22:21:33,234814,0,4702
2021-08-16 23:21:46,234814,0,4702
2021-08-17 00:21:27,234814,0,4702
2021-08-17 01:21:27,234814,0,4702
2021-08-17 02:21:37,234814,0,4702
2021-08-17 03:21:39,234814,0,4702
2021-08-17 04:21:49,234814,0,4702
2021-08-17 05:21:26,234814,0,4702
2021-08-17 06:21:28,234814,0,4702
2021-08-17 07:21:27,234814,0,4702
2021-08-17 08:21:08,235171,0,4713
2021-08-17 09:21:04,235171,0,4713
2021-08-17 10:21:32,235171,0,4713
2021-08-17 11:21:39,235171,0,4713
2021-08-17 13:21:32,235171,0,4713
2021-08-17 14:21:32,235171,0,4713
2021-08-17 15:21:32,235171,0,4713
2021-08-17 16:21:31,235171,0,4713
2021-08-17 17:21:14,235171,0,4713
2021-08-17 18:21:45,235171,0,4713
2021-08-17 19:21:51,235171,0,4713
2021-08-17 20:21:34,235171,0,4713
2021-08-17 21:21:49,235171,0,4713
2021-08-17 22:21:37,235171,0,4713
2021-08-17 23:21:50,235171,0,4713
2021-08-18 00:21:32,235171,0,4713
2021-08-18 01:21:44,235171,0,4713
2021-08-18 02:21:28,235171,0,4713
2021-08-18 03:21:39,235171,0,4713
2021-08-18 04:21:35,235171,0,4713
2021-08-18 06:21:26,235171,0,4713
2021-08-18 07:21:27,235171,0,4713
2021-08-18 09:20:53,235675,0,4716
2021-08-18 10:21:31,235675,0,4716
2021-08-18 11:21:29,235675,0,4716
2021-08-18 12:21:50,235675,0,4716
2021-08-18 13:21:29,235675,0,4716
2021-08-18 14:21:25,235675,0,4716
2021-08-18 15:21:23,235675,0,4716
2021-08-18 16:21:22,235675,0,4716
2021-08-18 17:21:27,235675,0,4716
2021-08-18 18:21:30,235675,0,4716
2021-08-18 19:21:36,235675,0,4716
2021-08-18 20:21:34,235675,0,4716
2021-08-18 21:21:24,235675,0,4716
2021-08-18 22:21:27,235675,0,4716
2021-08-18 23:21:31,235675,0,4716
2021-08-19 01:21:15,235675,0,4716
2021-08-19 02:21:28,235675,0,4716
2021-08-19 03:21:31,235675,0,4716
2021-08-19 05:20:56,235675,0,4716
2021-08-19 07:21:20,235675,0,4716
2021-08-19 08:21:01,236234,0,4727
2021-08-19 09:20:55,236234,0,4727
2021-08-19 10:21:25,236234,0,4727
2021-08-19 11:21:39,236234,0,4727
2021-08-19 12:21:23,236234,0,4727
2021-08-19 13:21:21,236234,0,4727
2021-08-19 14:21:23,236234,0,4727
2021-08-19 16:21:14,236234,0,4727
2021-08-19 17:21:13,236234,0,4727
2021-08-19 19:21:18,236234,0,4727
2021-08-19 20:21:17,236234,0,4727
2021-08-19 21:21:15,236234,0,4727
2021-08-19 22:21:16,236234,0,4727
2021-08-19 23:20:57,236234,0,4727
2021-08-20 00:21:07,236234,0,4727
2021-08-20 01:21:36,236234,0,4727
2021-08-20 02:21:04,236234,0,4727
2021-08-20 03:21:34,236234,0,4727
2021-08-20 04:21:33,236234,0,4727
2021-08-20 05:21:17,236234,0,4727
2021-08-20 06:21:32,236234,0,4727
2021-08-20 07:21:33,236234,0,4727
2021-08-20 08:21:10,236742,0,4732
2021-08-20 09:21:24,236742,0,4732
2021-08-20 10:21:28,236742,0,4732
2021-08-20 12:21:31,236742,0,4732
2021-08-20 13:21:31,236742,0,4732
2021-08-20 14:21:41,236742,0,4732
2021-08-20 15:21:43,236742,0,4732
2021-08-20 16:20:55,236742,0,4732
2021-08-20 17:21:37,236742,0,4732
2021-08-20 18:21:54,236742,0,4732
2021-08-20 19:21:40,236742,0,4732
2021-08-20 20:21:28,236742,0,4732
2021-08-20 21:21:27,236742,0,4732
2021-08-20 22:21:15,236742,0,4732
2021-08-20 23:21:29,236742,0,4732
2021-08-21 00:21:22,236742,0,4732
2021-08-21 01:21:24,236742,0,4732
2021-08-21 02:21:46,236742,0,4732
2021-08-21 03:21:25,236742,0,4732
2021-08-21 04:21:38,236742,0,4732
2021-08-21 05:20:59,236742,0,4732
2021-08-21 06:21:16,236742,0,4732
2021-08-21 07:21:15,236742,0,4732
2021-08-21 08:20:56,237249,0,4737
2021-08-21 09:20:49,237249,0,4737
2021-08-21 10:21:19,237249,0,4737
2021-08-21 11:21:18,237249,0,4737
2021-08-21 12:21:16,237249,0,4737
2021-08-21 13:21:15,237249,0,4737
2021-08-21 14:21:14,237249,0,4737
2021-08-21 15:21:19,237249,0,4737
2021-08-21 16:21:15,237249,0,4737
2021-08-21 17:21:27,237249,0,4737
2021-08-21 18:21:26,237249,0,4737
2021-08-21 19:21:26,237249,0,4737
2021-08-21 20:21:24,237249,0,4737
2021-08-21 21:21:32,237249,0,4737
2021-08-21 22:21:31,237249,0,4737
2021-08-21 23:21:31,237249,0,4737
2021-08-22 00:21:28,237249,0,4737
2021-08-22 01:21:33,237249,0,4737
2021-08-22 02:21:24,237249,0,4737
2021-08-22 03:21:27,237249,0,4737
2021-08-22 04:21:29,237249,0,4737
2021-08-22 05:21:13,237249,0,4737
2021-08-22 06:21:33,237249,0,4737
2021-08-22 07:21:31,237249,0,4737
2021-08-22 09:21:02,237634,0,4752
2021-08-22 10:21:25,237634,0,4752
2021-08-22 11:21:31,237634,0,4752
2021-08-22 12:21:32,237634,0,4752
2021-08-22 13:21:33,237634,0,4752
2021-08-22 14:21:34,237634,0,4752
2021-08-22 15:21:35,237634,0,4752
2021-08-22 16:21:36,237634,0,4752
2021-08-22 18:21:39,237634,0,4752
2021-08-22 19:21:37,237634,0,4752
2021-08-22 20:21:32,237634,0,4752
2021-08-22 21:21:42,237634,0,4752
2021-08-22 22:22:00,237634,0,4752
2021-08-22 23:21:37,237634,0,4752
2021-08-23 00:21:42,237634,0,4752
2021-08-23 01:21:16,237634,0,4752
2021-08-23 02:21:13,237634,0,4752
2021-08-23 03:21:23,237634,0,4752
2021-08-23 04:21:27,237634,0,4752
2021-08-23 05:21:08,237634,0,4752
2021-08-23 06:21:27,237634,0,4752
2021-08-23 07:21:25,237634,0,4752
2021-08-23 09:20:53,237885,0,4762
2021-08-23 10:21:22,237885,0,4762
2021-08-23 11:21:24,237885,0,4762
2021-08-23 12:21:33,237885,0,4762
2021-08-23 13:21:37,237885,0,4762
2021-08-23 14:21:38,237885,0,4762
2021-08-23 15:21:38,237885,0,4762
2021-08-23 16:21:38,237885,0,4762
2021-08-23 17:21:38,237885,0,4762
2021-08-23 18:21:57,237885,0,4762
2021-08-23 19:21:33,237885,0,4762
2021-08-23 20:21:33,237885,0,4762
2021-08-23 21:21:26,237885,0,4762
2021-08-23 23:21:19,237885,0,4762
2021-08-24 00:21:45,237885,0,4762
2021-08-24 01:21:36,237885,0,4762
2021-08-24 03:21:43,237885,0,4762
2021-08-24 04:21:19,237885,0,4762
2021-08-24 06:21:13,237885,0,4762
2021-08-24 07:21:09,237885,0,4762
2021-08-24 09:20:52,238422,0,4768
2021-08-24 10:21:15,238422,0,4768
2021-08-24 11:21:13,238422,0,4768
2021-08-24 12:21:14,238422,0,4768
2021-08-24 13:21:11,238422,0,4768
2021-08-24 15:21:21,238422,0,4768
2021-08-24 16:20:40,238422,0,4768
2021-08-24 17:21:16,238422,0,4768
2021-08-24 18:20:53,238422,0,4768
2021-08-24 20:21:25,238422,0,4768
2021-08-24 21:20:43,238422,0,4768
2021-08-24 22:21:22,238422,0,4768
2021-08-25 00:21:10,238422,0,4768
2021-08-25 01:21:16,238422,0,4768
2021-08-25 02:21:19,238422,0,4768
2021-08-25 03:21:31,238422,0,4768
2021-08-25 04:21:41,238422,0,4768
2021-08-25 06:21:34,238422,0,4768
2021-08-25 07:21:24,238422,0,4768
2021-08-25 09:20:57,239056,0,4778
2021-08-25 10:21:25,239056,0,4778
2021-08-25 11:21:48,239056,0,4778
2021-08-25 12:21:29,239056,0,4778
2021-08-25 13:21:27,239056,0,4778
2021-08-25 14:21:21,239056,0,4778
2021-08-25 15:21:25,239056,0,4778
2021-08-25 16:21:20,239056,0,4778
2021-08-25 18:21:24,239056,0,4778
2021-08-25 19:21:25,239056,0,4778
2021-08-25 21:21:16,239056,0,4778
2021-08-25 22:21:13,239056,0,4778
2021-08-25 23:21:23,239056,0,4778
2021-08-26 00:21:34,239056,0,4778
2021-08-26 01:21:23,239056,0,4778
2021-08-26 02:21:21,239056,0,4778
2021-08-26 03:21:43,239056,0,4778
2021-08-26 04:21:28,239056,0,4778
2021-08-26 05:21:09,239056,0,4778
2021-08-26 06:21:27,239056,0,4778
2021-08-26 07:21:29,239056,0,4778
2021-08-26 09:21:02,239739,0,4785
2021-08-26 10:21:25,239739,0,4785
2021-08-26 11:21:46,239739,0,4785
2021-08-26 12:21:39,239739,0,4785
2021-08-26 13:21:31,239739,0,4785
2021-08-26 14:21:33,239739,0,4785
2021-08-26 15:21:23,239739,0,4785
2021-08-26 16:21:25,239739,0,4785
2021-08-26 21:21:25,239739,0,4785
2021-08-26 22:21:28,239739,0,4785
2021-08-26 23:21:45,239739,0,4785
2021-08-27 00:21:16,239739,0,4785
2021-08-27 01:21:23,239739,0,4785
2021-08-27 02:21:34,239739,0,4785
2021-08-27 03:21:51,239739,0,4785
2021-08-27 04:21:37,239739,0,4785
2021-08-27 05:21:00,239739,0,4785
2021-08-27 06:21:17,239739,0,4785
2021-08-27 07:21:30,239739,0,4785
2021-08-27 08:21:10,240261,0,4796
2021-08-27 09:21:09,240261,0,4796
2021-08-27 10:21:35,240261,0,4796
2021-08-27 11:21:32,240261,0,4796
2021-08-27 12:21:28,240261,0,4796
2021-08-27 13:21:43,240261,0,4796
2021-08-27 14:21:24,240261,0,4796
2021-08-27 15:21:45,240261,0,4796
2021-08-27 16:21:17,240261,0,4796
2021-08-27 18:21:47,240261,0,4796
2021-08-27 19:21:44,240261,0,4796
2021-08-27 20:21:31,240261,0,4796
2021-08-27 21:21:28,240261,0,4796
2021-08-27 22:21:45,240261,0,4796
2021-08-27 23:21:49,240261,0,4796
2021-08-28 00:21:40,240261,0,4796
2021-08-28 01:21:44,240261,0,4796
2021-08-28 02:21:31,240261,0,4796
2021-08-28 03:21:29,240261,0,4796
2021-08-28 04:21:28,240261,0,4796
2021-08-28 05:21:13,240261,0,4796
2021-08-28 06:21:31,240261,0,4796
2021-08-28 07:21:32,240261,0,4796
2021-08-28 08:21:07,240953,0,4812
2021-08-28 09:21:01,240953,0,4812
2021-08-28 10:21:24,240953,0,4812
2021-08-28 11:21:21,240953,0,4812
2021-08-28 12:21:28,240953,0,4812
2021-08-28 13:21:41,240953,0,4812
2021-08-28 14:21:23,240953,0,4812
2021-08-28 15:21:26,240953,0,4812
2021-08-28 16:21:21,240953,0,4812
2021-08-28 17:21:19,240953,0,4812
2021-08-28 18:21:38,240953,0,4812
2021-08-28 19:21:19,240953,0,4812
2021-08-28 20:21:33,240953,0,4812
2021-08-28 21:21:28,240953,0,4812
2021-08-28 22:21:36,240953,0,4812
2021-08-28 23:21:27,240953,0,4812
2021-08-29 00:21:28,240953,0,4812
2021-08-29 01:21:44,240953,0,4812
2021-08-29 02:21:10,240953,0,4812
2021-08-29 03:21:11,240953,0,4812
2021-08-29 04:21:14,240953,0,4812
2021-08-29 05:21:06,240953,0,4812
2021-08-29 06:21:14,240953,0,4812
2021-08-29 07:21:15,240953,0,4812
2021-08-29 08:20:54,241336,0,4823
2021-08-29 09:20:51,241336,0,4823
2021-08-29 10:21:08,241336,0,4823
2021-08-29 11:21:09,241336,0,4823
2021-08-29 12:21:15,241336,0,4823
2021-08-29 14:21:13,241336,0,4823
2021-08-29 15:21:17,241336,0,4823
2021-08-29 16:21:18,241336,0,4823
2021-08-29 17:21:15,241336,0,4823
2021-08-29 18:21:17,241336,0,4823
2021-08-29 19:21:14,241336,0,4823
2021-08-29 20:21:08,241336,0,4823
2021-08-29 21:21:09,241336,0,4823
2021-08-29 22:21:11,241336,0,4823
2021-08-29 23:21:23,241336,0,4823
2021-08-30 00:21:27,241336,0,4823
2021-08-30 01:21:27,241336,0,4823
2021-08-30 02:21:45,241336,0,4823
2021-08-30 03:21:24,241336,0,4823
2021-08-30 04:21:23,241336,0,4823
2021-08-30 05:21:04,241336,0,4823
2021-08-30 06:21:24,241336,0,4823
2021-08-30 07:21:25,241336,0,4823
2021-08-30 08:21:07,241611,0,4830
2021-08-30 09:20:59,241611,0,4830
2021-08-30 10:21:30,241611,0,4830
2021-08-30 11:21:31,241611,0,4830
2021-08-30 12:21:32,241611,0,4830
2021-08-30 13:21:51,241611,0,4830
2021-08-30 14:21:32,241611,0,4830
2021-08-30 15:21:31,241611,0,4830
2021-08-30 16:21:30,241611,0,4830
2021-08-30 17:21:25,241611,0,4830
2021-08-30 18:21:45,241611,0,4830
2021-08-30 20:21:21,241611,0,4830
2021-08-30 21:21:18,241611,0,4830
2021-08-30 23:21:34,241611,0,4830
2021-08-31 00:21:31,241611,0,4830
2021-08-31 01:21:29,241611,0,4830
2021-08-31 02:21:43,241611,0,4830
2021-08-31 03:21:29,241611,0,4830
2021-08-31 04:21:46,241611,0,4830
2021-08-31 05:21:11,241611,0,4830
2021-08-31 06:21:27,241611,0,4830
2021-08-31 07:21:31,241611,0,4830
2021-08-31 08:21:25,242135,0,4844
2021-08-31 09:21:05,242135,0,4844
2021-08-31 10:21:28,242135,0,4844
2021-08-31 11:21:29,242135,0,4844
2021-08-31 12:21:27,242135,0,4844
2021-08-31 13:21:29,242135,0,4844
2021-08-31 14:21:44,242135,0,4844
2021-08-31 15:21:32,242135,0,4844
2021-08-31 16:21:33,242135,0,4844
2021-08-31 17:21:33,242135,0,4844
2021-08-31 18:21:31,242135,0,4844
2021-08-31 19:21:29,242135,0,4844
2021-08-31 21:21:30,242135,0,4844
2021-08-31 22:21:34,242135,0,4844
2021-08-31 23:21:34,242135,0,4844
2021-09-01 16:21:36,242750,0,4857
2021-09-01 17:21:32,242750,0,4857
2021-09-01 18:21:31,242750,0,4857
2021-09-01 19:21:46,242750,0,4857
2021-09-01 20:21:29,242750,0,4857
2021-09-01 21:21:27,242750,0,4857
2021-09-01 23:21:45,242750,0,4857
2021-09-08 00:21:39,245765,0,4939
2021-09-08 01:21:35,245765,0,4939
2021-09-08 03:21:30,245765,0,4939
2021-09-08 05:21:14,245765,0,4939
2021-09-08 07:21:41,245765,0,4939
2021-09-08 09:21:08,246410,0,4954
2021-09-08 11:21:59,246410,0,4954
2021-09-08 12:21:26,246410,0,4954
2021-09-08 14:21:25,246410,0,4954
2021-09-09 02:21:43,246410,0,4954
2021-09-10 02:21:17,246997,0,4968
2021-09-10 03:21:25,246997,0,4968
2021-09-10 05:21:28,246997,0,4968
2021-09-10 07:21:20,246997,0,4968
2021-09-10 09:21:01,247666,0,4979
2021-09-10 11:21:06,247666,0,4979
2021-09-10 13:21:14,247666,0,4979
2021-09-10 14:21:17,247666,0,4979
2021-09-13 14:21:40,249146,0,5018
2021-09-13 16:21:40,249146,0,5018
2021-09-13 18:21:42,249146,0,5018
2021-09-13 19:21:46,249146,0,5018
2021-09-13 20:21:51,249146,0,5018
2021-09-13 21:21:41,249146,0,5018
2021-09-13 22:21:52,249146,0,5018
2021-09-13 23:21:53,249146,0,5018
2021-09-14 00:21:27,249146,0,5018
2021-09-14 01:21:23,249146,0,5018
2021-09-14 02:21:39,249146,0,5018
2021-09-14 03:21:37,249146,0,5018
2021-09-14 04:21:41,249146,0,5018
2021-09-14 05:21:51,249146,0,5018
2021-09-14 06:21:34,249146,0,5018
2021-09-14 07:21:33,249146,0,5018
2021-09-14 08:21:21,249803,0,5034
2021-09-14 09:21:19,249803,0,5034
2021-09-14 10:21:28,249803,0,5034
2021-09-14 11:21:44,249803,0,5034
2021-09-14 12:21:36,249803,0,5034
2021-09-14 13:21:38,249803,0,5034
2021-09-14 14:21:46,249803,0,5034
2021-09-14 16:21:49,249803,0,5034
2021-09-14 18:21:30,249803,0,5034
2021-09-14 19:21:46,249803,0,5034
2021-09-14 20:22:03,249803,0,5034
2021-09-14 21:22:12,249803,0,5034
2021-09-14 23:22:16,249803,0,5034
2021-09-15 01:22:16,249803,0,5034
2021-09-15 03:22:37,249803,0,5034
2021-09-15 06:21:33,249803,0,5034
2021-09-15 07:21:49,249803,0,5034
2021-09-15 09:21:23,250559,0,5056
2021-09-15 10:21:37,250559,0,5056
2021-09-15 11:21:52,250559,0,5056
2021-09-15 12:21:31,250559,0,5056
2021-09-15 13:21:32,250559,0,5056
2021-09-15 14:21:30,250559,0,5056
2021-09-15 15:21:34,250559,0,5056
2021-09-15 16:21:59,250559,0,5056
2021-09-15 17:21:43,250559,0,5056
2021-09-15 18:21:35,250559,0,5056
2021-09-15 20:21:51,250559,0,5056
2021-09-15 21:21:35,250559,0,5056
2021-09-15 22:21:36,250559,0,5056
2021-09-15 23:21:39,250559,0,5056
2021-09-16 00:21:54,250559,0,5056
2021-09-16 02:21:40,250559,0,5056
2021-09-16 03:21:35,250559,0,5056
2021-09-16 04:22:19,250559,0,5056
2021-09-16 05:21:14,250559,0,5056
2021-09-16 06:21:36,250559,0,5056
2021-09-16 07:21:39,250559,0,5056
2021-09-16 08:21:07,251323,0,5075
2021-09-16 09:21:17,251323,0,5075
2021-09-16 10:21:36,251323,0,5075
2021-09-16 11:21:28,251323,0,5075
2021-09-16 12:21:56,251323,0,5075
2021-09-16 13:21:33,251323,0,5075
2021-09-16 14:21:57,251323,0,5075
2021-09-16 15:21:33,251323,0,5075
2021-09-16 16:21:32,251323,0,5075
2021-09-16 17:21:24,251323,0,5075
2021-09-16 18:21:28,251323,0,5075
2021-09-16 19:21:48,251323,0,5075
2021-09-16 20:21:47,251323,0,5075
2021-09-16 21:21:41,251323,0,5075
2021-09-16 22:21:49,251323,0,5075
2021-09-16 23:21:51,251323,0,5075
2021-09-17 00:21:56,251323,0,5075
2021-09-17 01:21:57,251323,0,5075
2021-09-17 02:21:51,251323,0,5075
2021-09-17 03:21:32,251323,0,5075
2021-09-17 04:21:46,251323,0,5075
2021-09-17 05:21:38,251323,0,5075
2021-09-17 06:21:46,251323,0,5075
2021-09-17 07:21:42,251323,0,5075
2021-09-17 08:21:16,252082,0,5101
2021-09-17 09:21:08,252082,0,5101
2021-09-17 10:21:34,252082,0,5101
2021-09-17 11:21:50,252082,0,5101
2021-09-17 12:21:24,252082,0,5101
2021-09-17 13:21:28,252082,0,5101
2021-09-17 14:21:27,252082,0,5101
2021-09-17 15:21:26,252082,0,5101
2021-09-17 17:21:32,252082,0,5101
2021-09-17 18:21:26,252082,0,5101
2021-09-17 19:21:45,252082,0,5101
2021-09-17 20:21:28,252082,0,5101
2021-09-17 21:21:50,252082,0,5101
2021-09-17 22:21:28,252082,0,5101
2021-09-17 23:21:38,252082,0,5101
2021-09-18 00:21:14,252082,0,5101
2021-09-18 01:21:17,252082,0,5101
2021-09-18 02:21:21,252082,0,5101
2021-09-18 03:21:23,252082,0,5101
2021-09-18 04:21:24,252082,0,5101
2021-09-18 05:21:09,252082,0,5101
2021-09-18 06:21:20,252082,0,5101
2021-09-18 07:21:19,252082,0,5101
2021-09-18 08:21:06,253093,0,5117
2021-09-18 09:21:01,253093,0,5117
2021-09-18 10:21:40,253093,0,5117
2021-09-18 11:21:16,253093,0,5117
2021-09-18 12:21:14,253093,0,5117
2021-09-18 13:21:14,253093,0,5117
2021-09-18 14:21:13,253093,0,5117
2021-09-18 15:21:13,253093,0,5117
2021-09-18 16:21:14,253093,0,5117
2021-09-18 17:21:12,253093,0,5117
2021-09-18 18:21:16,253093,0,5117
2021-09-18 19:21:17,253093,0,5117
2021-09-18 20:21:32,253093,0,5117
2021-09-18 21:21:25,253093,0,5117
2021-09-18 22:21:26,253093,0,5117
2021-09-18 23:21:27,253093,0,5117
2021-09-19 00:21:25,253093,0,5117
2021-09-19 01:21:29,253093,0,5117
2021-09-19 02:21:29,253093,0,5117
2021-09-19 03:21:31,253093,0,5117
2021-09-19 04:21:34,253093,0,5117
2021-09-19 05:21:14,253093,0,5117
2021-09-19 06:21:39,253093,0,5117
2021-09-19 07:21:32,253093,0,5117
2021-09-19 08:21:13,253600,0,5131
2021-09-19 09:21:18,253600,0,5131
2021-09-19 10:21:06,253600,0,5131
2021-09-19 11:21:25,253600,0,5131
2021-09-19 12:21:30,253600,0,5131
2021-09-19 13:21:28,253600,0,5131
2021-09-19 14:21:18,253600,0,5131
2021-09-19 15:21:19,253600,0,5131
2021-09-19 16:21:21,253600,0,5131
2021-09-19 17:21:18,253600,0,5131
2021-09-19 18:21:15,253600,0,5131
2021-09-19 19:21:17,253600,0,5131
2021-09-19 20:21:25,253600,0,5131
2021-09-19 21:21:24,253600,0,5131
2021-09-19 22:21:16,253600,0,5131
2021-09-19 23:21:15,253600,0,5131
2021-09-20 00:21:17,253600,0,5131
2021-09-20 01:21:14,253600,0,5131
2021-09-20 02:21:26,253600,0,5131
2021-09-20 03:21:36,253600,0,5131
2021-09-20 04:21:22,253600,0,5131
2021-09-20 05:21:05,253600,0,5131
2021-09-20 06:21:18,253600,0,5131
2021-09-20 07:21:19,253600,0,5131
2021-09-20 08:20:56,253942,0,5143
2021-09-20 09:20:52,253942,0,5143
2021-09-20 10:21:20,253942,0,5143
2021-09-20 11:21:18,253942,0,5143
2021-09-20 12:21:30,253942,0,5143
2021-09-20 13:21:29,253942,0,5143
2021-09-20 15:21:28,253942,0,5143
2021-09-20 16:21:27,253942,0,5143
2021-09-20 17:21:31,253942,0,5143
2021-09-20 19:21:49,253942,0,5143
2021-09-20 20:21:43,253942,0,5143
2021-09-20 21:21:21,253942,0,5143
2021-09-20 22:21:23,253942,0,5143
2021-09-20 23:21:16,253942,0,5143
2021-09-21 00:21:19,253942,0,5143
2021-09-21 01:21:13,253942,0,5143
2021-09-21 02:21:23,253942,0,5143
2021-09-21 03:21:22,253942,0,5143
2021-09-21 04:21:26,253942,0,5143
2021-09-21 05:21:14,253942,0,5143
2021-09-21 06:21:33,253942,0,5143
2021-09-21 07:21:30,253942,0,5143
2021-09-21 08:21:08,254436,0,5161
2021-09-21 09:21:05,254436,0,5161
2021-09-21 10:21:46,254436,0,5161
2021-09-21 11:21:20,254436,0,5161
2021-09-21 12:21:20,254436,0,5161
2021-09-21 13:21:25,254436,0,5161
2021-09-21 14:21:26,254436,0,5161
2021-09-21 15:21:24,254436,0,5161
2021-09-21 16:21:21,254436,0,5161
2021-09-21 17:21:23,254436,0,5161
2021-09-21 19:21:21,254436,0,5161
2021-09-21 21:21:23,254436,0,5161
2021-09-21 22:21:26,254436,0,5161
2021-09-22 00:21:27,254436,0,5161
2021-09-22 02:21:24,254436,0,5161
2021-09-22 03:21:28,254436,0,5161
2021-09-22 04:21:45,254436,0,5161
2021-09-22 05:21:01,254436,0,5161
2021-09-22 07:21:17,254436,0,5161
2021-09-22 08:20:55,254436,0,5161
2021-09-22 09:21:05,254709,0,5181
2021-09-22 10:21:22,254709,0,5181
2021-09-22 11:21:23,254709,0,5181
2021-09-22 12:21:21,254709,0,5181
2021-09-22 13:21:27,254709,0,5181
2021-09-22 14:21:49,254709,0,5181
2021-09-22 15:21:23,254709,0,5181
2021-09-22 16:21:32,254709,0,5181
2021-09-22 17:20:58,254709,0,5181
2021-09-22 18:21:27,254709,0,5181
2021-09-22 19:21:24,254709,0,5181
2021-09-22 21:21:03,254709,0,5181
2021-09-22 22:21:24,254709,0,5181
2021-09-22 23:21:28,254709,0,5181
2021-09-23 00:21:33,254709,0,5181
2021-09-23 01:20:55,254709,0,5181
2021-09-23 02:21:28,254709,0,5181
2021-09-23 03:21:48,254709,0,5181
2021-09-23 04:21:43,254709,0,5181
2021-09-23 05:21:25,254709,0,5181
2021-09-23 06:21:18,254709,0,5181
2021-09-23 07:21:28,254709,0,5181
2021-09-23 08:20:54,255648,0,5200
2021-09-23 09:21:03,255648,0,5200
2021-09-23 10:21:29,255648,0,5200
2021-09-23 12:21:09,255648,0,5200
2021-09-23 13:21:11,255648,0,5200
2021-09-23 14:21:17,255648,0,5200
2021-09-23 15:21:21,255648,0,5200
2021-09-23 16:21:20,255648,0,5200
2021-09-23 17:21:14,255648,0,5200
2021-09-23 18:21:30,255648,0,5200
2021-09-23 19:21:35,255648,0,5200
2021-09-23 20:21:31,255648,0,5200
2021-09-23 21:21:42,255648,0,5200
2021-09-23 23:21:23,255648,0,5200
2021-09-24 00:21:23,255648,0,5200
2021-09-24 01:21:15,255648,0,5200
2021-09-24 02:21:26,255648,0,5200
2021-09-24 03:21:25,255648,0,5200
2021-09-24 04:21:44,255648,0,5200
2021-09-24 05:21:12,255648,0,5200
2021-09-24 06:21:22,255648,0,5200
2021-09-24 07:21:22,255648,0,5200
2021-09-24 08:21:14,256554,0,5216
2021-09-24 09:21:11,256554,0,5216
2021-09-24 10:21:25,256554,0,5216
2021-09-24 11:21:30,256554,0,5216
2021-09-24 12:21:25,256554,0,5216
2021-09-24 13:21:36,256554,0,5216
2021-09-24 14:21:22,256554,0,5216
2021-09-24 15:21:21,256554,0,5216
2021-09-24 17:21:34,256554,0,5216
2021-09-24 18:21:27,256554,0,5216
2021-09-24 19:21:28,256554,0,5216
2021-09-24 20:21:52,256554,0,5216
2021-09-24 21:21:28,256554,0,5216
2021-09-24 22:21:35,256554,0,5216
2021-09-24 23:21:42,256554,0,5216
2021-09-25 00:21:36,256554,0,5216
2021-09-25 01:21:37,256554,0,5216
2021-09-25 02:21:50,256554,0,5216
2021-09-25 03:21:28,256554,0,5216
2021-09-25 04:21:31,256554,0,5216
2021-09-25 06:21:22,256554,0,5216
2021-09-25 07:21:33,256554,0,5216
2021-09-25 08:21:35,257620,0,5239
2021-09-25 09:21:08,257620,0,5239
2021-09-25 10:21:25,257620,0,5239
2021-09-25 11:21:29,257620,0,5239
2021-09-25 12:21:32,257620,0,5239
2021-09-25 13:21:27,257620,0,5239
2021-09-25 14:21:28,257620,0,5239
2021-09-25 15:21:28,257620,0,5239
2021-09-25 16:21:35,257620,0,5239
2021-09-25 17:21:31,257620,0,5239
2021-09-25 18:21:27,257620,0,5239
2021-09-25 19:21:27,257620,0,5239
2021-09-25 20:21:24,257620,0,5239
2021-09-25 21:21:25,257620,0,5239
2021-09-25 22:21:27,257620,0,5239
2021-09-25 23:21:29,257620,0,5239
2021-09-26 00:21:28,257620,0,5239
2021-09-26 01:22:21,257620,0,5239
2021-09-26 02:22:56,257620,0,5239
2021-09-26 03:21:21,257620,0,5239
2021-09-26 04:21:29,257620,0,5239
2021-09-26 05:21:27,257620,0,5239
2021-09-26 06:21:51,257620,0,5239
2021-09-26 07:21:35,257620,0,5239
2021-09-26 08:21:20,257620,0,5239
2021-09-26 09:21:21,258545,0,5251
2021-09-26 10:21:33,258545,0,5251
2021-09-26 11:21:32,258545,0,5251
2021-09-26 12:21:39,258545,0,5251
2021-09-26 13:21:34,258545,0,5251
2021-09-26 14:21:38,258545,0,5251
2021-09-26 15:21:39,258545,0,5251
2021-09-26 16:21:28,258545,0,5251
2021-09-26 17:21:29,258545,0,5251
2021-09-26 18:21:30,258545,0,5251
2021-09-26 19:21:30,258545,0,5251
2021-09-26 20:21:26,258545,0,5251
2021-09-26 21:21:45,258545,0,5251
2021-09-26 22:21:18,258545,0,5251
2021-09-26 23:21:14,258545,0,5251
2021-09-27 01:21:14,258545,0,5251
2021-09-27 02:21:20,258545,0,5251
2021-09-27 03:21:12,258545,0,5251
2021-09-27 04:21:16,258545,0,5251
2021-09-27 05:21:03,258545,0,5251
2021-09-27 06:21:16,258545,0,5251
2021-09-27 07:21:18,258545,0,5251
2021-09-27 08:21:04,258545,0,5251
2021-09-27 09:20:52,259007,0,5264
2021-09-27 10:21:12,259007,0,5264
2021-09-27 11:21:25,259007,0,5264
2021-09-27 12:21:27,259007,0,5264
2021-09-27 13:21:25,259007,0,5264
2021-09-27 14:21:26,259007,0,5264
2021-09-27 15:21:30,259007,0,5264
2021-09-27 16:21:28,259007,0,5264
2021-09-27 17:21:14,259007,0,5264
2021-09-27 19:21:35,259007,0,5264
2021-09-27 20:21:26,259007,0,5264
2021-09-27 21:21:27,259007,0,5264
2021-09-27 22:21:52,259007,0,5264
2021-09-27 23:21:45,259007,0,5264
2021-09-28 00:21:35,259007,0,5264
2021-09-28 02:21:31,259007,0,5264
2021-09-28 03:21:35,259007,0,5264
2021-09-28 04:21:28,259007,0,5264
2021-09-28 05:21:24,259007,0,5264
2021-09-28 06:21:30,259007,0,5264
2021-09-28 07:21:33,259007,0,5264
2021-09-28 09:21:17,259779,0,5277
2021-09-28 10:21:37,259779,0,5277
2021-09-28 11:21:30,259779,0,5277
2021-09-28 12:21:36,259779,0,5277
2021-09-28 13:21:40,259779,0,5277
2021-09-28 14:21:26,259779,0,5277
2021-09-28 15:21:27,259779,0,5277
2021-09-28 16:21:48,259779,0,5277
2021-09-28 18:21:34,259779,0,5277
2021-09-28 19:21:30,259779,0,5277
2021-09-28 20:21:32,259779,0,5277
2021-09-28 21:21:31,259779,0,5277
2021-09-28 22:21:37,259779,0,5277
2021-09-28 23:21:43,259779,0,5277
2021-09-29 00:21:29,259779,0,5277
2021-09-29 01:21:48,259779,0,5277
2021-09-29 02:21:56,259779,0,5277
2021-09-29 03:21:47,259779,0,5277
2021-09-29 04:21:45,259779,0,5277
2021-09-29 05:21:12,259779,0,5277
2021-09-29 06:21:21,259779,0,5277
2021-09-29 07:21:19,259779,0,5277
2021-09-29 08:21:06,260675,0,5299
2021-09-29 09:21:11,260675,0,5299
2021-09-29 10:21:21,260675,0,5299
2021-09-29 11:21:29,260675,0,5299
2021-09-29 12:22:01,260675,0,5299
2021-09-29 13:21:18,260675,0,5299
2021-09-29 14:21:22,260675,0,5299
2021-09-29 15:21:18,260675,0,5299
2021-09-29 16:21:14,260675,0,5299
2021-09-29 17:21:37,260675,0,5299
2021-09-29 18:21:26,260675,0,5299
2021-09-29 19:21:36,260675,0,5299
2021-09-29 20:21:50,260675,0,5299
2021-09-29 21:21:26,260675,0,5299
2021-09-30 15:21:03,261697,0,5319
2021-09-30 17:21:35,261697,0,5319
2021-09-30 19:21:43,261697,0,5319
2021-09-30 20:21:43,261697,0,5319
2021-09-30 21:21:33,261697,0,5319
2021-09-30 22:21:31,261697,0,5319
2021-09-30 23:21:35,261697,0,5319
2021-10-01 00:21:22,261697,0,5319
2021-10-01 01:21:21,261697,0,5319
2021-10-01 02:21:23,261697,0,5319
2021-10-01 03:21:29,261697,0,5319
2021-10-01 04:21:35,261697,0,5319
2021-10-01 05:21:14,261697,0,5319
2021-10-01 06:21:41,261697,0,5319
2021-10-01 07:21:42,261697,0,5319
2021-10-01 08:21:31,262631,0,5339
2021-10-01 09:21:24,262631,0,5339
2021-10-01 10:21:43,262631,0,5339
2021-10-01 11:21:43,262631,0,5339
2021-10-01 12:21:49,262631,0,5339
2021-10-01 13:22:03,262631,0,5339
2021-10-01 15:21:33,262631,0,5339
2021-10-01 16:21:31,262631,0,5339
2021-10-01 17:21:26,262631,0,5339
2021-10-01 18:21:40,262631,0,5339
2021-10-01 19:21:37,262631,0,5339
2021-10-01 21:21:35,262631,0,5339
2021-10-01 22:21:27,262631,0,5339
2021-10-01 23:21:36,262631,0,5339
2021-10-02 00:21:21,262631,0,5339
2021-10-02 01:21:30,262631,0,5339
2021-10-02 02:21:13,262631,0,5339
2021-10-02 03:21:19,262631,0,5339
2021-10-02 04:21:25,262631,0,5339
2021-10-02 05:21:12,262631,0,5339
2021-10-02 06:21:26,262631,0,5339
2021-10-02 07:21:23,262631,0,5339
2021-10-02 08:21:21,263783,0,5354
2021-10-02 09:21:09,263783,0,5354
2021-10-02 10:21:21,263783,0,5354
2021-10-02 11:21:33,263783,0,5354
2021-10-02 12:21:30,263783,0,5354
2021-10-02 13:21:32,263783,0,5354
2021-10-02 14:21:44,263783,0,5354
2021-10-02 15:21:41,263783,0,5354
2021-10-02 16:21:38,263783,0,5354
2021-10-02 17:21:15,263783,0,5354
2021-10-02 18:21:35,263783,0,5354
2021-10-02 19:21:39,263783,0,5354
2021-10-02 20:21:27,263783,0,5354
2021-10-02 21:21:29,263783,0,5354
2021-10-02 22:21:30,263783,0,5354
2021-10-02 23:21:23,263783,0,5354
2021-10-03 00:21:27,263783,0,5354
2021-10-03 01:21:37,263783,0,5354
2021-10-03 02:21:19,263783,0,5354
2021-10-03 03:21:19,263783,0,5354
2021-10-03 04:21:24,263783,0,5354
2021-10-03 05:21:16,263783,0,5354
2021-10-03 06:21:21,263783,0,5354
2021-10-03 07:21:24,263783,0,5354
2021-10-03 08:21:13,264690,0,5372
2021-10-03 09:21:06,264690,0,5372
2021-10-03 10:21:20,264690,0,5372
2021-10-03 11:21:25,264690,0,5372
2021-10-03 12:21:24,264690,0,5372
2021-10-03 13:21:21,264690,0,5372
2021-10-03 14:21:20,264690,0,5372
2021-10-03 15:21:22,264690,0,5372
2021-10-03 16:21:24,264690,0,5372
2021-10-03 17:21:22,264690,0,5372
2021-10-03 18:21:29,264690,0,5372
2021-10-03 19:21:26,264690,0,5372
2021-10-03 20:21:27,264690,0,5372
2021-10-03 21:21:26,264690,0,5372
2021-10-03 22:21:23,264690,0,5372
2021-10-03 23:21:27,264690,0,5372
2021-10-04 00:21:22,264690,0,5372
2021-10-04 01:21:38,264690,0,5372
2021-10-04 02:21:30,264690,0,5372
2021-10-04 03:21:45,264690,0,5372
2021-10-04 04:21:31,264690,0,5372
2021-10-04 05:21:19,264690,0,5372
2021-10-04 06:21:26,264690,0,5372
2021-10-04 07:21:28,264690,0,5372
2021-10-04 08:21:14,265317,0,5397
2021-10-04 09:21:29,265317,0,5397
2021-10-04 10:21:21,265317,0,5397
2021-10-04 11:21:22,265317,0,5397
2021-10-04 12:21:25,265317,0,5397
2021-10-04 13:21:28,265317,0,5397
2021-10-04 14:21:31,265317,0,5397
2021-10-04 15:21:31,265317,0,5397
2021-10-04 16:21:16,265317,0,5397
2021-10-04 17:21:55,265317,0,5397
2021-10-04 18:21:26,265317,0,5397
2021-10-04 19:21:35,265317,0,5397
2021-10-04 20:21:25,265317,0,5397
2021-10-04 21:21:40,265317,0,5397
2021-10-04 22:21:34,265317,0,5397
2021-10-04 23:21:24,265317,0,5397
2021-10-05 00:21:30,265317,0,5397
2021-10-05 01:21:29,265317,0,5397
2021-10-05 16:21:55,266208,0,5419
2021-10-05 17:21:52,266208,0,5419
2021-10-05 18:22:01,266208,0,5419
2021-10-05 20:21:39,266208,0,5419
2021-10-05 21:21:41,266208,0,5419
2021-10-05 22:21:39,266208,0,5419
2021-10-05 23:21:39,266208,0,5419
2021-10-06 00:21:39,266208,0,5419
2021-10-06 01:21:40,266208,0,5419
2021-10-06 02:21:38,266208,0,5419
2021-10-06 03:21:34,266208,0,5419
2021-10-06 04:21:33,266208,0,5419
2021-10-06 05:21:32,266208,0,5419
2021-10-06 06:21:41,266208,0,5419
2021-10-06 07:21:42,266208,0,5419
2021-10-06 09:21:38,267363,0,5440
2021-10-06 10:22:06,267363,0,5440
2021-10-06 11:21:32,267363,0,5440
2021-10-06 13:21:33,267363,0,5440
2021-10-06 14:21:14,267363,0,5440
2021-10-06 15:21:32,267363,0,5440
2021-10-06 17:21:49,267363,0,5440
2021-10-06 19:21:22,267363,0,5440
2021-10-06 20:21:31,267363,0,5440
2021-10-06 21:21:28,267363,0,5440
2021-10-06 22:21:04,267363,0,5440
2021-10-06 23:21:40,267363,0,5440
2021-10-07 00:22:00,267363,0,5440
2021-10-07 01:21:40,267363,0,5440
2021-10-07 02:21:43,267363,0,5440
2021-10-07 03:21:37,267363,0,5440
2021-10-07 04:21:36,267363,0,5440
2021-10-07 05:21:20,267363,0,5440
2021-10-07 06:21:31,267363,0,5440
2021-10-07 07:21:23,267363,0,5440
2021-10-07 08:21:20,268672,0,5466
2021-10-07 09:21:17,268672,0,5466
2021-10-07 10:21:23,268672,0,5466
2021-10-07 11:21:43,268672,0,5466
2021-10-07 12:21:25,268672,0,5466
2021-10-07 13:21:25,268672,0,5466
2021-10-07 14:21:35,268672,0,5466
2021-10-07 15:21:37,268672,0,5466
2021-10-07 16:21:59,268672,0,5466
2021-10-07 17:21:50,268672,0,5466
2021-10-07 18:21:57,268672,0,5466
2021-10-07 19:21:47,268672,0,5466
2021-10-07 20:21:48,268672,0,5466
2021-10-07 21:21:34,268672,0,5466
2021-10-07 22:21:46,268672,0,5466
2021-10-07 23:21:19,268672,0,5466
2021-10-08 00:21:16,268672,0,5466
2021-10-08 01:21:16,268672,0,5466
2021-10-08 02:21:16,268672,0,5466
2021-10-08 03:21:20,268672,0,5466
2021-10-08 04:21:25,268672,0,5466
2021-10-08 06:21:22,268672,0,5466
2021-10-08 07:21:19,268672,0,5466
2021-10-08 08:21:06,269874,0,5499
2021-10-08 09:20:57,269874,0,5499
2021-10-08 10:21:15,269874,0,5499
2021-10-08 11:21:32,269874,0,5499
2021-10-08 12:21:27,269874,0,5499
2021-10-08 13:21:20,269874,0,5499
2021-10-08 14:21:18,269874,0,5499
2021-10-08 15:21:23,269874,0,5499
2021-10-08 16:21:24,269874,0,5499
2021-10-08 17:21:47,269874,0,5499
2021-10-08 18:21:36,269874,0,5499
2021-10-08 19:21:40,269874,0,5499
2021-10-08 20:21:53,269874,0,5499
2021-10-08 22:21:35,269874,0,5499
2021-10-08 23:21:34,269874,0,5499
2021-10-09 00:21:29,269874,0,5499
2021-10-09 01:21:39,269874,0,5499
2021-10-09 02:22:01,269874,0,5499
2021-10-09 03:21:34,269874,0,5499
2021-10-09 04:21:34,269874,0,5499
2021-10-09 05:21:16,269874,0,5499
2021-10-09 06:21:31,269874,0,5499
2021-10-09 07:21:33,269874,0,5499
2021-10-09 08:21:21,271205,0,5529
2021-10-09 09:21:09,271205,0,5529
2021-10-09 10:21:25,271205,0,5529
2021-10-09 11:21:33,271205,0,5529
2021-10-09 12:21:42,271205,0,5529
2021-10-09 13:21:33,271205,0,5529
2021-10-09 14:21:33,271205,0,5529
2021-10-09 15:21:33,271205,0,5529
2021-10-09 16:21:28,271205,0,5529
2021-10-09 17:21:32,271205,0,5529
2021-10-09 18:21:36,271205,0,5529
2021-10-09 19:21:30,271205,0,5529
2021-10-09 20:21:28,271205,0,5529
2021-10-09 21:21:32,271205,0,5529
2021-10-09 22:21:24,271205,0,5529
2021-10-09 23:21:29,271205,0,5529
2021-10-10 00:21:34,271205,0,5529
2021-10-10 01:21:24,271205,0,5529
2021-10-10 03:21:35,271205,0,5529
2021-10-10 04:21:38,271205,0,5529
2021-10-10 05:21:20,271205,0,5529
2021-10-10 06:21:43,271205,0,5529
2021-10-10 07:21:32,271205,0,5529
2021-10-10 09:21:13,272356,0,5549
2021-10-10 10:21:28,272356,0,5549
2021-10-10 11:21:38,272356,0,5549
2021-10-10 12:21:37,272356,0,5549
2021-10-10 13:21:38,272356,0,5549
2021-10-10 14:21:33,272356,0,5549
2021-10-10 15:21:43,272356,0,5549
2021-10-10 16:21:35,272356,0,5549
2021-10-10 17:21:42,272356,0,5549
2021-10-10 18:21:36,272356,0,5549
2021-10-10 19:21:39,272356,0,5549
2021-10-10 20:21:49,272356,0,5549
2021-10-10 21:21:33,272356,0,5549
2021-10-10 22:21:37,272356,0,5549
2021-10-10 23:21:42,272356,0,5549
2021-10-11 00:21:43,272356,0,5549
2021-10-11 01:21:35,272356,0,5549
2021-10-11 02:21:47,272356,0,5549
2021-10-11 03:21:26,272356,0,5549
2021-10-11 04:21:31,272356,0,5549
2021-10-11 05:21:23,272356,0,5549
2021-10-11 06:21:45,272356,0,5549
2021-10-11 07:21:28,272356,0,5549
2021-10-11 08:21:11,272356,0,5549
2021-10-11 09:21:07,272957,0,5575
2021-10-11 10:21:18,272957,0,5575
2021-10-11 11:21:26,272957,0,5575
2021-10-11 12:21:25,272957,0,5575
2021-10-11 13:21:25,272957,0,5575
2021-10-11 14:21:27,272957,0,5575
2021-10-11 15:21:22,272957,0,5575
2021-10-11 16:21:38,272957,0,5575
2021-10-11 18:21:08,272957,0,5575
2021-10-11 19:21:25,272957,0,5575
2021-10-11 20:21:19,272957,0,5575
2021-10-11 21:21:15,272957,0,5575
2021-10-11 22:21:27,272957,0,5575
2021-10-11 23:21:26,272957,0,5575
2021-10-12 00:21:36,272957,0,5575
2021-10-12 01:21:17,272957,0,5575
2021-10-12 02:21:34,272957,0,5575
2021-10-12 03:21:19,272957,0,5575
2021-10-12 04:21:09,272957,0,5575
2021-10-12 05:21:18,272957,0,5575
2021-10-12 06:21:17,272957,0,5575
2021-10-12 07:21:12,272957,0,5575
2021-10-12 08:21:09,273860,0,5618
2021-10-12 09:20:53,273860,0,5618
2021-10-12 10:21:09,273860,0,5618
2021-10-12 11:21:09,273860,0,5618
2021-10-12 16:21:29,273860,0,5618
2021-10-12 17:21:23,273860,0,5618
2021-10-12 19:21:34,273860,0,5618
2021-10-12 20:21:31,273860,0,5618
2021-10-12 21:21:30,273860,0,5618
2021-10-12 22:21:30,273860,0,5618
2021-10-12 23:21:27,273860,0,5618
2021-10-13 00:21:41,273860,0,5618
2021-10-13 01:21:38,273860,0,5618
2021-10-13 02:21:55,273860,0,5618
2021-10-13 03:21:10,273860,0,5618
2021-10-13 04:20:51,273860,0,5618
2021-10-13 05:21:06,273860,0,5618
2021-10-13 06:21:23,273860,0,5618
2021-10-13 07:21:10,273860,0,5618
2021-10-13 08:21:00,275077,0,5646
2021-10-13 09:21:18,275077,0,5646
2021-10-13 10:21:26,275077,0,5646
2021-10-13 11:21:33,275077,0,5646
2021-10-13 12:21:26,275077,0,5646
2021-10-13 13:21:27,275077,0,5646
2021-10-13 14:21:30,275077,0,5646
2021-10-13 15:21:27,275077,0,5646
2021-10-13 16:21:25,275077,0,5646
2021-10-13 17:21:21,275077,0,5646
2021-10-13 18:21:27,275077,0,5646
2021-10-13 20:21:51,275077,0,5646
2021-10-15 16:21:21,278431,0,5713
2021-10-15 17:21:32,278431,0,5713
2021-10-16 18:21:45,280294,0,5754
2021-10-16 19:21:25,280294,0,5754
2021-10-16 20:21:22,280294,0,5754
2021-10-16 21:21:37,280294,0,5754
2021-10-16 22:21:10,280294,0,5754
2021-10-16 23:21:26,280294,0,5754
2021-10-17 00:21:16,280294,0,5754
2021-10-17 01:21:14,280294,0,5754
2021-10-17 02:21:23,280294,0,5754
2021-10-17 03:21:28,280294,0,5754
2021-10-17 04:21:29,280294,0,5754
2021-10-17 05:21:16,280294,0,5754
2021-10-17 06:21:25,280294,0,5754
2021-10-17 07:21:21,280294,0,5754
2021-10-17 08:21:10,281991,0,5778
2021-10-17 09:21:02,281991,0,5778
2021-10-17 10:21:25,281991,0,5778
2021-10-17 11:21:21,281991,0,5778
2021-10-17 12:21:15,281991,0,5778
2021-10-17 13:21:21,281991,0,5778
2021-10-17 14:21:28,281991,0,5778
2021-10-17 15:21:11,281991,0,5778
2021-10-17 16:21:06,281991,0,5778
2021-10-17 17:21:20,281991,0,5778
2021-10-17 18:21:33,281991,0,5778
2021-10-17 19:21:16,281991,0,5778
2021-10-17 20:21:13,281991,0,5778
2021-10-17 22:21:10,281991,0,5778
2021-10-17 23:21:11,281991,0,5778
2021-10-18 00:21:07,281991,0,5778
2021-10-18 01:21:04,281991,0,5778
2021-10-18 02:21:37,281991,0,5778
2021-10-18 03:21:46,281991,0,5778
2021-10-18 04:21:10,281991,0,5778
2021-10-18 05:21:05,281991,0,5778
2021-10-18 06:21:11,281991,0,5778
2021-10-18 07:21:13,281991,0,5778
2021-10-18 08:21:07,283183,0,5805
2021-10-18 09:20:57,283183,0,5805
2021-10-18 10:21:15,283183,0,5805
2021-10-18 11:21:25,283183,0,5805
2021-10-18 12:21:20,283183,0,5805
2021-10-18 13:21:19,283183,0,5805
2021-10-18 14:21:19,283183,0,5805
2021-10-18 16:21:01,283183,0,5805
2021-10-18 17:21:19,283183,0,5805
2021-10-18 19:21:40,283183,0,5805
2021-10-18 20:21:21,283183,0,5805
2021-10-18 21:21:36,283183,0,5805
2021-10-18 22:21:47,283183,0,5805
2021-10-18 23:21:53,283183,0,5805
2021-10-19 00:21:36,283183,0,5805
2021-10-19 01:21:44,283183,0,5805
2021-10-19 02:21:11,283183,0,5805
2021-10-19 03:21:10,283183,0,5805
2021-10-19 04:20:54,283183,0,5805
2021-10-19 05:21:16,283183,0,5805
2021-10-19 06:21:24,283183,0,5805
2021-10-19 07:21:21,283183,0,5805
2021-10-19 08:21:20,284237,0,5842
2021-10-19 09:21:09,284237,0,5842
2021-10-19 10:21:16,284237,0,5842
2021-10-19 11:21:17,284237,0,5842
2021-10-19 12:21:31,284237,0,5842
2021-10-19 13:21:30,284237,0,5842
2021-10-19 14:21:34,284237,0,5842
2021-10-19 15:21:27,284237,0,5842
2021-10-19 16:21:37,284237,0,5842
2021-10-19 17:21:36,284237,0,5842
2021-10-19 19:21:39,284237,0,5842
2021-10-19 20:21:41,284237,0,5842
2021-10-19 21:22:02,284237,0,5842
2021-10-19 22:21:52,284237,0,5842
2021-10-19 23:21:34,284237,0,5842
2021-10-20 00:21:23,284237,0,5842
2021-10-20 01:21:28,284237,0,5842
2021-10-20 02:21:39,284237,0,5842
2021-10-20 03:21:06,284237,0,5842
2021-10-20 04:21:00,284237,0,5842
2021-10-20 05:21:05,284237,0,5842
2021-10-20 06:21:26,284237,0,5842
2021-10-20 07:21:29,284237,0,5842
2021-10-20 08:21:10,286303,0,5870
2021-10-20 09:21:14,286303,0,5870
2021-10-20 10:21:22,286303,0,5870
2021-10-20 11:21:29,286303,0,5870
2021-10-20 12:21:19,286303,0,5870
2021-10-20 13:21:33,286303,0,5870
2021-10-20 14:21:10,286303,0,5870
2021-10-20 15:21:07,286303,0,5870
2021-10-20 16:21:07,286303,0,5870
2021-10-20 17:21:40,286303,0,5870
2021-10-20 18:21:38,286303,0,5870
2021-10-20 19:21:52,286303,0,5870
2021-10-20 21:21:41,286303,0,5870
2021-10-20 22:22:17,286303,0,5870
2021-10-20 23:21:29,286303,0,5870
2021-10-21 00:21:19,286303,0,5870
2021-10-21 01:21:20,286303,0,5870
2021-10-21 02:21:26,286303,0,5870
2021-10-21 03:21:38,286303,0,5870
2021-10-21 04:21:18,286303,0,5870
2021-10-21 05:21:03,286303,0,5870
2021-10-21 06:21:16,286303,0,5870
2021-10-21 07:21:16,286303,0,5870
2021-10-21 08:21:09,288906,0,5902
2021-10-21 09:21:02,288906,0,5902
2021-10-21 10:21:12,288906,0,5902
2021-10-21 11:21:22,288906,0,5902
2021-10-21 12:21:18,288906,0,5902
2021-10-21 13:21:40,288906,0,5902
2021-10-21 15:21:38,288906,0,5902
2021-10-21 16:21:41,288906,0,5902
2021-10-21 17:21:17,288906,0,5902
2021-10-21 18:21:39,288906,0,5902
2021-10-21 19:21:27,288906,0,5902
2021-10-21 20:21:36,288906,0,5902
2021-10-21 21:21:38,288906,0,5902
2021-10-21 22:21:30,288906,0,5902
2021-10-21 23:21:23,288906,0,5902
2021-10-22 00:21:27,288906,0,5902
2021-10-22 01:21:20,288906,0,5902
2021-10-22 02:21:38,288906,0,5902
2021-10-22 03:21:15,288906,0,5902
2021-10-22 04:21:14,288906,0,5902
2021-10-22 05:21:11,288906,0,5902
2021-10-22 06:21:25,288906,0,5902
2021-10-22 07:21:27,288906,0,5902
2021-10-22 08:21:14,288906,0,5902
2021-10-22 09:21:26,291052,0,5944
2021-10-22 10:21:30,291052,0,5944
2021-10-22 11:21:22,291052,0,5944
2021-10-22 12:21:29,291052,0,5944
2021-10-22 13:21:31,291052,0,5944
2021-10-22 14:21:09,291052,0,5944
2021-10-22 15:21:18,291052,0,5944
2021-10-22 16:21:13,291052,0,5944
2021-10-22 17:21:34,291052,0,5944
2021-10-22 18:21:34,291052,0,5944
2021-10-22 19:21:37,291052,0,5944
2021-10-22 20:21:34,291052,0,5944
2021-10-22 21:21:30,291052,0,5944
2021-10-22 22:21:10,291052,0,5944
2021-10-22 23:21:05,291052,0,5944
2021-10-23 00:21:14,291052,0,5944
2021-10-23 01:21:29,291052,0,5944
2021-10-23 02:21:11,291052,0,5944
2021-10-23 03:21:30,291052,0,5944
2021-10-23 04:21:32,291052,0,5944
2021-10-23 05:21:27,291052,0,5944
2021-10-23 06:21:27,291052,0,5944
2021-10-23 07:21:22,291052,0,5944
2021-10-23 08:21:17,293014,0,5975
2021-10-23 09:21:18,293014,0,5975
2021-10-23 10:21:16,293014,0,5975
2021-10-23 11:21:22,293014,0,5975
2021-10-23 14:21:20,293014,0,5975
2021-10-23 15:21:19,293014,0,5975
2021-10-23 16:21:15,293014,0,5975
2021-10-23 17:21:13,293014,0,5975
2021-10-23 18:21:07,293014,0,5975
2021-10-23 19:21:24,293014,0,5975
2021-10-23 20:21:10,293014,0,5975
2021-10-23 21:21:16,293014,0,5975
2021-10-23 22:21:19,293014,0,5975
2021-10-23 23:21:13,293014,0,5975
2021-10-24 00:21:16,293014,0,5975
2021-10-24 01:21:20,293014,0,5975
2021-10-24 02:21:23,293014,0,5975
2021-10-24 03:21:18,293014,0,5975
2021-10-24 04:21:22,293014,0,5975
2021-10-24 05:21:12,293014,0,5975
2021-10-24 06:21:27,293014,0,5975
2021-10-24 07:21:34,293014,0,5975
2021-10-24 08:21:21,295368,0,6013
2021-10-24 09:21:18,295368,0,6013
2021-10-24 10:22:00,295368,0,6013
2021-10-24 11:22:01,295368,0,6013
2021-10-24 12:21:54,295368,0,6013
2021-10-24 13:21:58,295368,0,6013
2021-10-24 14:22:18,295368,0,6013
2021-10-24 15:22:00,295368,0,6013
2021-10-24 16:21:45,295368,0,6013
2021-10-24 17:21:43,295368,0,6013
2021-10-24 18:21:46,295368,0,6013
2021-10-24 19:21:49,295368,0,6013
2021-10-24 20:21:57,295368,0,6013
2021-10-24 21:21:55,295368,0,6013
2021-10-24 22:22:12,295368,0,6013
2021-10-24 23:21:58,295368,0,6013
2021-10-25 00:21:59,295368,0,6013
2021-10-25 01:22:10,295368,0,6013
2021-10-25 02:21:54,295368,0,6013
2021-10-25 03:22:11,295368,0,6013
2021-10-25 04:22:31,295368,0,6013
2021-10-25 05:21:43,295368,0,6013
2021-10-25 06:22:09,295368,0,6013
2021-10-25 07:22:24,295368,0,6013
2021-10-25 08:21:30,296552,0,6055
2021-10-25 09:21:25,296552,0,6055
2021-10-25 10:22:13,296552,0,6055
2021-10-25 11:22:14,296552,0,6055
2021-10-25 12:22:03,296552,0,6055
2021-10-25 13:22:38,296552,0,6055
2021-10-25 14:22:10,296552,0,6055
2021-10-25 15:22:09,296552,0,6055
2021-10-25 16:22:13,296552,0,6055
2021-10-25 17:22:12,296552,0,6055
2021-10-25 19:22:06,296552,0,6055
2021-10-25 20:22:25,296552,0,6055
2021-10-25 21:22:11,296552,0,6055
2021-10-25 22:22:02,296552,0,6055
2021-10-25 23:22:12,296552,0,6055
2021-10-26 00:22:15,296552,0,6055
2021-10-26 01:22:13,296552,0,6055
2021-10-26 02:22:12,296552,0,6055
2021-10-26 03:22:11,296552,0,6055
2021-10-26 04:22:09,296552,0,6055
2021-10-26 06:21:52,296552,0,6055
2021-10-26 07:21:57,296552,0,6055
2021-10-26 08:21:30,298069,0,6112
2021-10-26 09:21:22,298069,0,6112
2021-10-26 10:22:12,298069,0,6112
2021-10-26 11:22:16,298069,0,6112
2021-10-26 12:22:15,298069,0,6112
2021-10-26 14:22:16,298069,0,6112
2021-10-26 15:22:15,298069,0,6112
2021-10-26 16:22:22,298069,0,6112
2021-10-26 17:22:22,298069,0,6112
2021-10-26 19:22:12,298069,0,6112
2021-10-26 21:22:21,298069,0,6112
2021-10-26 22:22:24,298069,0,6112
2021-10-26 23:22:19,298069,0,6112
2021-10-27 00:22:21,298069,0,6112
2021-10-27 01:22:19,298069,0,6112
2021-10-27 02:22:25,298069,0,6112
2021-10-27 03:22:22,298069,0,6112
2021-10-27 04:22:32,298069,0,6112
2021-10-27 06:22:13,298069,0,6112
2021-10-27 07:22:20,298069,0,6112
2021-10-27 09:21:16,300143,0,6151
2021-10-27 10:22:13,300143,0,6151
2021-10-27 11:22:48,300143,0,6151
2021-10-27 12:22:00,300143,0,6151
2021-10-27 13:22:22,300143,0,6151
2021-10-27 14:22:21,300143,0,6151
2021-10-27 15:22:08,300143,0,6151
2021-10-27 17:22:30,300143,0,6151
2021-10-27 18:22:30,300143,0,6151
2021-10-27 19:22:33,300143,0,6151
2021-10-27 20:22:27,300143,0,6151
2021-10-27 23:22:30,300143,0,6151
2021-10-28 00:22:19,300143,0,6151
2021-10-28 01:22:53,300143,0,6151
2021-10-28 02:22:30,300143,0,6151
2021-10-28 04:22:08,300143,0,6151
2021-10-28 06:22:22,300143,0,6151
2021-10-28 07:22:31,300143,0,6151
2021-10-28 09:21:34,302450,0,6189
2021-10-28 10:22:22,302450,0,6189
2021-10-28 11:22:40,302450,0,6189
2021-10-28 12:22:22,302450,0,6189
2021-10-28 13:22:08,302450,0,6189
2021-10-28 14:22:32,302450,0,6189
2021-10-28 15:22:31,302450,0,6189
2021-10-28 16:22:24,302450,0,6189
2021-10-28 17:22:01,302450,0,6189
2021-10-28 18:22:20,302450,0,6189
2021-10-28 19:21:36,302450,0,6189
2021-11-02 02:22:16,309397,0,6379
